121787333_0,254185431,254185436,198.9571542647714,22.22222222222222,1500.0,1.0,1,car,
121787333_0_r,254185436,254185431,198.9571542647714,22.22222222222222,1500.0,1.0,1,car,
121787333_1,254185436,254146609,111.67188729459491,22.22222222222222,1500.0,1.0,1,car,
121787333_1_r,254146609,254185436,111.67188729459491,22.22222222222222,1500.0,1.0,1,car,
121787333_2,254146609,533962580,125.21523771198923,22.22222222222222,1500.0,1.0,1,car,
121787333_2_r,533962580,254146609,125.21523771198923,22.22222222222222,1500.0,1.0,1,car,
132500854_0,254800855,254226530,168.2308607479162,12.5,600.0,1.0,1,car,
132500854_0_r,254226530,254800855,168.2308607479162,12.5,600.0,1.0,1,car,
132500854_1,254226530,254803748,88.65410396276332,12.5,600.0,1.0,1,car,
132500854_10,254838675,254838680,122.42051759681218,12.5,600.0,1.0,1,car,
132500854_10_r,254838680,254838675,122.42051759681218,12.5,600.0,1.0,1,car,
132500854_11,254838680,254133732,31.077753937849977,12.5,600.0,1.0,1,car,
132500854_11_r,254133732,254838680,31.077753937849977,12.5,600.0,1.0,1,car,
132500854_12,254133732,254174768,38.52409526004512,12.5,600.0,1.0,1,car,
132500854_12_r,254174768,254133732,38.52409526004512,12.5,600.0,1.0,1,car,
132500854_13,254174768,254838681,37.50240612969183,12.5,600.0,1.0,1,car,
132500854_13_r,254838681,254174768,37.50240612969183,12.5,600.0,1.0,1,car,
132500854_14,254838681,254191931,45.284898368847706,12.5,600.0,1.0,1,car,
132500854_14_r,254191931,254838681,45.284898368847706,12.5,600.0,1.0,1,car,
132500854_15,254191931,254134645,55.413852700601105,12.5,600.0,1.0,1,car,
132500854_15_r,254134645,254191931,55.413852700601105,12.5,600.0,1.0,1,car,
132500854_16,254134645,254228323,89.3506650816299,12.5,600.0,1.0,1,car,
132500854_16_r,254228323,254134645,89.3506650816299,12.5,600.0,1.0,1,car,
132500854_17,254228323,254616912,138.60660957177663,12.5,600.0,1.0,1,car,
132500854_17_r,254616912,254228323,138.60660957177663,12.5,600.0,1.0,1,car,
132500854_18,254616912,254612707,244.58863462489035,12.5,600.0,1.0,1,car,
132500854_18_r,254612707,254616912,244.58863462489035,12.5,600.0,1.0,1,car,
132500854_1_r,254803748,254226530,88.65410396276332,12.5,600.0,1.0,1,car,
132500854_2,254803748,254786193,54.311236277043974,12.5,600.0,1.0,1,car,
132500854_2_r,254786193,254803748,54.311236277043974,12.5,600.0,1.0,1,car,
132500854_3,254786193,254598220,16.15870956569662,12.5,600.0,1.0,1,car,
132500854_3_r,254598220,254786193,16.15870956569662,12.5,600.0,1.0,1,car,
132500854_4,254598220,254573748,208.4710811868901,12.5,600.0,1.0,1,car,
132500854_4_r,254573748,254598220,208.4710811868901,12.5,600.0,1.0,1,car,
132500854_5,254573748,254230004,66.17040009668412,12.5,600.0,1.0,1,car,
132500854_5_r,254230004,254573748,66.17040009668412,12.5,600.0,1.0,1,car,
132500854_6,254230004,254770188,75.62646189183081,12.5,600.0,1.0,1,car,
132500854_6_r,254770188,254230004,75.62646189183081,12.5,600.0,1.0,1,car,
132500854_7,254770188,254706563,76.34583315198864,12.5,600.0,1.0,1,car,
132500854_7_r,254706563,254770188,76.34583315198864,12.5,600.0,1.0,1,car,
132500854_8,254706563,254233440,57.821640453878665,12.5,600.0,1.0,1,car,
132500854_8_r,254233440,254706563,57.821640453878665,12.5,600.0,1.0,1,car,
132500854_9,254233440,254838675,25.702717025549838,12.5,600.0,1.0,1,car,
132500854_9_r,254838675,254233440,25.702717025549838,12.5,600.0,1.0,1,car,
175164921_0,254148909,254148911,164.14862993874348,13.88888888888889,1500.0,1.0,1,car,
175164921_0_r,254148911,254148909,164.14862993874348,13.88888888888889,1500.0,1.0,1,car,
175164933_0,2292011560,254169282,108.99631256317346,13.88888888888889,1500.0,1.0,1,car,
218810256_0,2292029039,2292025717,56.40637895678858,12.5,600.0,1.0,1,car,
218821050_0,254874099,254874073,101.78870650068613,13.88888888888889,1500.0,1.0,1,car,
220079763_0,254635878,2292011560,178.39499584513746,12.5,600.0,1.0,1,car,
220079763_0_r,2292011560,254635878,178.39499584513746,12.5,600.0,1.0,1,car,
220080071_0,254224722,254148911,59.9853430682346,12.5,600.0,1.0,1,car,
220080071_0_r,254148911,254224722,59.9853430682346,12.5,600.0,1.0,1,car,
220080997_0,254874120,2292017710,35.29044442874053,22.22222222222222,4000.0,2.0,1,car,
220080997_0_r,2292017710,254874120,35.29044442874053,22.22222222222222,4000.0,2.0,1,car,
220080998_0,2292017710,1858043602,310.17351133292124,22.22222222222222,4000.0,2.0,1,car,
220080998_0_r,1858043602,2292017710,310.17351133292124,22.22222222222222,4000.0,2.0,1,car,
220080998_1,1858043602,254874130,200.8973478526971,22.22222222222222,4000.0,2.0,1,car,
220080998_1_r,254874130,1858043602,200.8973478526971,22.22222222222222,4000.0,2.0,1,car,
220081429_0,254560286,254211542,51.80059477200514,8.333333333333334,600.0,1.0,1,car,
220081429_0_r,254211542,254560286,51.80059477200514,8.333333333333334,600.0,1.0,1,car,
220081847_0,2292025717,254744265,245.66893363248852,12.5,600.0,1.0,1,car,
220081847_0_r,254744265,2292025717,245.66893363248852,12.5,600.0,1.0,1,car,
220081847_1,254744265,254237795,88.16395727663797,12.5,600.0,1.0,1,car,
220081847_10,254569045,254752966,1786.6885068816932,12.5,600.0,1.0,1,car,
220081847_10_r,254752966,254569045,1786.6885068816932,12.5,600.0,1.0,1,car,
220081847_1_r,254237795,254744265,88.16395727663797,12.5,600.0,1.0,1,car,
220081847_2,254237795,254564854,85.12604024813378,12.5,600.0,1.0,1,car,
220081847_2_r,254564854,254237795,85.12604024813378,12.5,600.0,1.0,1,car,
220081847_3,254564854,254179449,94.18267904464393,12.5,600.0,1.0,1,car,
220081847_3_r,254179449,254564854,94.18267904464393,12.5,600.0,1.0,1,car,
220081847_4,254179449,254789347,122.52052505165598,12.5,600.0,1.0,1,car,
220081847_4_r,254789347,254179449,122.52052505165598,12.5,600.0,1.0,1,car,
220081847_5,254789347,254789348,97.0675886957342,12.5,600.0,1.0,1,car,
220081847_5_r,254789348,254789347,97.0675886957342,12.5,600.0,1.0,1,car,
220081847_6,254789348,254666858,106.50937701369875,12.5,600.0,1.0,1,car,
220081847_6_r,254666858,254789348,106.50937701369875,12.5,600.0,1.0,1,car,
220081847_7,254666858,254178979,123.6864599344662,12.5,600.0,1.0,1,car,
220081847_7_r,254178979,254666858,123.6864599344662,12.5,600.0,1.0,1,car,
220081847_8,254178979,254178935,59.31931221375257,12.5,600.0,1.0,1,car,
220081847_8_r,254178935,254178979,59.31931221375257,12.5,600.0,1.0,1,car,
220081847_9,254178935,254569045,155.25351795895546,12.5,600.0,1.0,1,car,
220081847_9_r,254569045,254178935,155.25351795895546,12.5,600.0,1.0,1,car,
220081930_0,254792227,254744872,48.317793723443486,8.333333333333334,600.0,1.0,1,car,
220081930_0_r,254744872,254792227,48.317793723443486,8.333333333333334,600.0,1.0,1,car,
220081930_1,254744872,254738585,77.88296525675044,8.333333333333334,600.0,1.0,1,car,
220081930_1_r,254738585,254744872,77.88296525675044,8.333333333333334,600.0,1.0,1,car,
220081930_2,254738585,254667587,123.4125690393217,8.333333333333334,600.0,1.0,1,car,
220081930_2_r,254667587,254738585,123.4125690393217,8.333333333333334,600.0,1.0,1,car,
220081931_0,2292025717,254628640,49.404818221050455,12.5,600.0,1.0,1,car,
23465373_0,254120735,254120736,53.74588038583585,8.333333333333334,600.0,1.0,1,car,
23465373_0_r,254120736,254120735,53.74588038583585,8.333333333333334,600.0,1.0,1,car,
23465486_0,254121901,254121902,40.85597992432604,8.333333333333334,600.0,1.0,1,car,
23465486_0_r,254121902,254121901,40.85597992432604,8.333333333333334,600.0,1.0,1,car,
23466064_0,254126824,254126853,160.88024460704924,8.333333333333334,600.0,1.0,1,car,
23466064_0_r,254126853,254126824,160.88024460704924,8.333333333333334,600.0,1.0,1,car,
23466306_0,254129103,254129111,35.8217386682983,8.333333333333334,600.0,1.0,1,car,
23466306_0_r,254129111,254129103,35.8217386682983,8.333333333333334,600.0,1.0,1,car,
23466306_1,254129111,254129103,16.000172184770793,8.333333333333334,600.0,1.0,1,car,
23466306_1_r,254129103,254129111,16.000172184770793,8.333333333333334,600.0,1.0,1,car,
23466714_0,254133732,254133748,164.29820477199408,8.333333333333334,600.0,1.0,1,car,
23466714_0_r,254133748,254133732,164.29820477199408,8.333333333333334,600.0,1.0,1,car,
23466855_0,254134645,254134650,114.63391378501672,8.333333333333334,600.0,1.0,1,car,
23466855_0_r,254134650,254134645,114.63391378501672,8.333333333333334,600.0,1.0,1,car,
23467084_0,254136306,254136308,34.41027329218922,8.333333333333334,600.0,1.0,1,car,
23467084_0_r,254136308,254136306,34.41027329218922,8.333333333333334,600.0,1.0,1,car,
23467281_0,254138006,254138007,29.126456358703813,8.333333333333334,600.0,1.0,1,car,
23467281_0_r,254138007,254138006,29.126456358703813,8.333333333333334,600.0,1.0,1,car,
23468174_0,254146609,1858043602,235.0769581286916,13.88888888888889,1500.0,1.0,1,car,
23468360_0,254147899,254147900,20.514787219603114,8.333333333333334,600.0,1.0,1,car,
23468360_0_r,254147900,254147899,20.514787219603114,8.333333333333334,600.0,1.0,1,car,
23468387_0,254148101,254148103,36.50996764405613,8.333333333333334,600.0,1.0,1,car,
23468387_0_r,254148103,254148101,36.50996764405613,8.333333333333334,600.0,1.0,1,car,
23468924_0,254152835,254152847,108.08330811917992,8.333333333333334,600.0,1.0,1,car,
23468924_0_r,254152847,254152835,108.08330811917992,8.333333333333334,600.0,1.0,1,car,
23469983_0,254161992,254161993,5.588785220638964,8.333333333333334,600.0,1.0,1,car,
23469983_0_r,254161993,254161992,5.588785220638964,8.333333333333334,600.0,1.0,1,car,
23469983_1,254161993,254161992,75.14641802294054,8.333333333333334,600.0,1.0,1,car,
23469983_1_r,254161992,254161993,75.14641802294054,8.333333333333334,600.0,1.0,1,car,
23470070_0,254162617,254162618,100.31731176723846,8.333333333333334,600.0,1.0,1,car,
23470070_0_r,254162618,254162617,100.31731176723846,8.333333333333334,600.0,1.0,1,car,
23470990_0,254170841,254148909,106.1450154055941,13.88888888888889,1500.0,1.0,1,car,
23471619_0,254174768,254161993,97.85605887825812,8.333333333333334,600.0,1.0,1,car,
23471619_0_r,254161993,254174768,97.85605887825812,8.333333333333334,600.0,1.0,1,car,
23472035_0,254178935,254178979,140.9823395741945,8.333333333333334,600.0,1.0,1,car,
23472035_0_r,254178979,254178935,140.9823395741945,8.333333333333334,600.0,1.0,1,car,
23472078_0,254179431,254179443,181.63270209886096,8.333333333333334,600.0,1.0,1,car,
23472078_0_r,254179443,254179431,181.63270209886096,8.333333333333334,600.0,1.0,1,car,
23472078_1,254179443,254179449,99.6722953434523,8.333333333333334,600.0,1.0,1,car,
23472078_1_r,254179449,254179443,99.6722953434523,8.333333333333334,600.0,1.0,1,car,
23472078_2,254179449,254179455,223.28294044115432,8.333333333333334,600.0,1.0,1,car,
23472078_2_r,254179455,254179449,223.28294044115432,8.333333333333334,600.0,1.0,1,car,
23472078_3,254179455,254179456,155.21159784048282,8.333333333333334,600.0,1.0,1,car,
23472078_3_r,254179456,254179455,155.21159784048282,8.333333333333334,600.0,1.0,1,car,
23472114_0,254179774,254179777,39.40675679185924,8.333333333333334,600.0,1.0,1,car,
23472114_0_r,254179777,254179774,39.40675679185924,8.333333333333334,600.0,1.0,1,car,
23472114_1,254179777,254179783,219.24547603923986,8.333333333333334,600.0,1.0,1,car,
23472114_1_r,254179783,254179777,219.24547603923986,8.333333333333334,600.0,1.0,1,car,
23472118_0,254179777,254179797,74.16585075362046,8.333333333333334,600.0,1.0,1,car,
23472118_0_r,254179797,254179777,74.16585075362046,8.333333333333334,600.0,1.0,1,car,
23472347_0,254182430,254182431,93.29078836841867,8.333333333333334,600.0,1.0,1,car,
23472347_0_r,254182431,254182430,93.29078836841867,8.333333333333334,600.0,1.0,1,car,
23472578_0,443469054,254179332,1522.7913238936835,22.22222222222222,1500.0,1.0,1,car,
23472578_0_r,254179332,443469054,1522.7913238936835,22.22222222222222,1500.0,1.0,1,car,
23472578_1,254179332,254185417,161.83965117078492,22.22222222222222,1500.0,1.0,1,car,
23472578_1_r,254185417,254179332,161.83965117078492,22.22222222222222,1500.0,1.0,1,car,
23472578_2,254185417,254185422,161.75867442138252,22.22222222222222,1500.0,1.0,1,car,
23472578_2_r,254185422,254185417,161.75867442138252,22.22222222222222,1500.0,1.0,1,car,
23472578_3,254185422,254185427,173.8764907801716,22.22222222222222,1500.0,1.0,1,car,
23472578_3_r,254185427,254185422,173.8764907801716,22.22222222222222,1500.0,1.0,1,car,
23472578_4,254185427,254185431,250.69491270238797,22.22222222222222,1500.0,1.0,1,car,
23472578_4_r,254185431,254185427,250.69491270238797,22.22222222222222,1500.0,1.0,1,car,
23472846_0,254188338,254188339,152.42948460359858,8.333333333333334,600.0,1.0,1,car,
23472846_0_r,254188339,254188338,152.42948460359858,8.333333333333334,600.0,1.0,1,car,
23472846_1,254188339,254188340,94.0058291102171,8.333333333333334,600.0,1.0,1,car,
23472846_1_r,254188340,254188339,94.0058291102171,8.333333333333334,600.0,1.0,1,car,
23472988_0,254189580,254189581,74.30295522945447,8.333333333333334,600.0,1.0,1,car,
23472988_0_r,254189581,254189580,74.30295522945447,8.333333333333334,600.0,1.0,1,car,
23473219_0,254185436,254191902,63.59082636366971,8.333333333333334,600.0,1.0,1,car,
23473219_0_r,254191902,254185436,63.59082636366971,8.333333333333334,600.0,1.0,1,car,
23473219_1,254191902,254191903,93.46845566466101,8.333333333333334,600.0,1.0,1,car,
23473219_1_r,254191903,254191902,93.46845566466101,8.333333333333334,600.0,1.0,1,car,
23473219_2,254191903,254191904,79.03969618441735,8.333333333333334,600.0,1.0,1,car,
23473219_2_r,254191904,254191903,79.03969618441735,8.333333333333334,600.0,1.0,1,car,
23473219_3,254191904,254191905,81.31878537455081,8.333333333333334,600.0,1.0,1,car,
23473219_3_r,254191905,254191904,81.31878537455081,8.333333333333334,600.0,1.0,1,car,
23473221_0,254191913,254147899,98.06704424049175,8.333333333333334,600.0,1.0,1,car,
23473221_0_r,254147899,254191913,98.06704424049175,8.333333333333334,600.0,1.0,1,car,
23473226_0,254191931,254191937,291.24408605530283,8.333333333333334,600.0,1.0,1,car,
23473226_0_r,254191937,254191931,291.24408605530283,8.333333333333334,600.0,1.0,1,car,
23473226_1,254191937,254191943,225.6262517131693,8.333333333333334,600.0,1.0,1,car,
23473226_1_r,254191943,254191937,225.6262517131693,8.333333333333334,600.0,1.0,1,car,
23473228_0,254191937,254191959,147.5826468461443,8.333333333333334,600.0,1.0,1,car,
23473228_0_r,254191959,254191937,147.5826468461443,8.333333333333334,600.0,1.0,1,car,
23473273_0,254194019,254194026,162.8767314950498,8.333333333333334,600.0,1.0,1,car,
23473273_0_r,254194026,254194019,162.8767314950498,8.333333333333334,600.0,1.0,1,car,
23473273_1,254194026,254194028,82.53135950497065,8.333333333333334,600.0,1.0,1,car,
23473273_1_r,254194028,254194026,82.53135950497065,8.333333333333334,600.0,1.0,1,car,
23473273_2,254194028,254194082,178.20404189654607,8.333333333333334,600.0,1.0,1,car,
23473273_2_r,254194082,254194028,178.20404189654607,8.333333333333334,600.0,1.0,1,car,
23473591_0,254200427,254200429,66.2823503335974,8.333333333333334,600.0,1.0,1,car,
23473591_0_r,254200429,254200427,66.2823503335974,8.333333333333334,600.0,1.0,1,car,
23473719_0,254201476,254201481,188.30559467145122,8.333333333333334,600.0,1.0,1,car,
23473719_0_r,254201481,254201476,188.30559467145122,8.333333333333334,600.0,1.0,1,car,
23473719_1,254201481,254201483,33.64804733509198,8.333333333333334,600.0,1.0,1,car,
23473719_1_r,254201483,254201481,33.64804733509198,8.333333333333334,600.0,1.0,1,car,
23473721_0,254201484,254201481,204.02088084740018,8.333333333333334,600.0,1.0,1,car,
23473721_0_r,254201481,254201484,204.02088084740018,8.333333333333334,600.0,1.0,1,car,
23473873_0,254202705,254202706,70.64407390690613,8.333333333333334,600.0,1.0,1,car,
23473873_0_r,254202706,254202705,70.64407390690613,8.333333333333334,600.0,1.0,1,car,
23474052_0,254204259,254204253,29.354535588745243,8.333333333333334,600.0,1.0,1,car,
23474052_0_r,254204253,254204259,29.354535588745243,8.333333333333334,600.0,1.0,1,car,
23474052_1,254204253,254204258,67.68302285781459,8.333333333333334,600.0,1.0,1,car,
23474052_1_r,254204258,254204253,67.68302285781459,8.333333333333334,600.0,1.0,1,car,
23474062_0,254204298,254204300,257.1557352198635,8.333333333333334,600.0,1.0,1,car,
23474062_0_r,254204300,254204298,257.1557352198635,8.333333333333334,600.0,1.0,1,car,
23474468_0,254185422,254209054,483.38483306936007,12.5,600.0,1.0,1,car,
23474468_0_r,254209054,254185422,483.38483306936007,12.5,600.0,1.0,1,car,
23474482_0,254209204,254209213,313.39808184407525,8.333333333333334,600.0,1.0,1,car,
23474482_0_r,254209213,254209204,313.39808184407525,8.333333333333334,600.0,1.0,1,car,
23474482_1,254209213,254209215,69.4448431392346,8.333333333333334,600.0,1.0,1,car,
23474482_1_r,254209215,254209213,69.4448431392346,8.333333333333334,600.0,1.0,1,car,
23474621_0,254210399,254210400,118.63324405272871,8.333333333333334,600.0,1.0,1,car,
23474621_0_r,254210400,254210399,118.63324405272871,8.333333333333334,600.0,1.0,1,car,
23474621_1,254210400,254210401,78.51809007586033,8.333333333333334,600.0,1.0,1,car,
23474621_1_r,254210401,254210400,78.51809007586033,8.333333333333334,600.0,1.0,1,car,
23474621_2,254210401,254210402,41.856025640403075,8.333333333333334,600.0,1.0,1,car,
23474621_2_r,254210402,254210401,41.856025640403075,8.333333333333334,600.0,1.0,1,car,
23474621_3,254210402,254210403,10.926180158091446,8.333333333333334,600.0,1.0,1,car,
23474621_3_r,254210403,254210402,10.926180158091446,8.333333333333334,600.0,1.0,1,car,
23474692_0,254179455,254211276,92.3365291033802,8.333333333333334,600.0,1.0,1,car,
23474692_0_r,254211276,254179455,92.3365291033802,8.333333333333334,600.0,1.0,1,car,
23474692_1,254211276,254211277,105.9679428500861,8.333333333333334,600.0,1.0,1,car,
23474692_1_r,254211277,254211276,105.9679428500861,8.333333333333334,600.0,1.0,1,car,
23474692_2,254211277,254188339,107.76419233827782,8.333333333333334,600.0,1.0,1,car,
23474692_2_r,254188339,254211277,107.76419233827782,8.333333333333334,600.0,1.0,1,car,
23474719_0,2280432475,254162617,546.5632042282032,8.333333333333334,600.0,1.0,1,car,
23474719_0_r,254162617,2280432475,546.5632042282032,8.333333333333334,600.0,1.0,1,car,
23474719_1,254162617,254179783,157.34114333539875,8.333333333333334,600.0,1.0,1,car,
23474719_10,254211533,254211534,68.84503264134173,8.333333333333334,600.0,1.0,1,car,
23474719_10_r,254211534,254211533,68.84503264134173,8.333333333333334,600.0,1.0,1,car,
23474719_11,254211534,254211535,34.28258286596508,8.333333333333334,600.0,1.0,1,car,
23474719_11_r,254211535,254211534,34.28258286596508,8.333333333333334,600.0,1.0,1,car,
23474719_12,254211535,254211536,40.06310396384267,8.333333333333334,600.0,1.0,1,car,
23474719_12_r,254211536,254211535,40.06310396384267,8.333333333333334,600.0,1.0,1,car,
23474719_13,254211536,254211538,73.50615176287432,8.333333333333334,600.0,1.0,1,car,
23474719_13_r,254211538,254211536,73.50615176287432,8.333333333333334,600.0,1.0,1,car,
23474719_14,254211538,254211542,133.9189983684898,8.333333333333334,600.0,1.0,1,car,
23474719_14_r,254211542,254211538,133.9189983684898,8.333333333333334,600.0,1.0,1,car,
23474719_15,254211542,254211545,45.961925059310744,8.333333333333334,600.0,1.0,1,car,
23474719_15_r,254211545,254211542,45.961925059310744,8.333333333333334,600.0,1.0,1,car,
23474719_16,254211545,254211546,127.712303822975,8.333333333333334,600.0,1.0,1,car,
23474719_16_r,254211546,254211545,127.712303822975,8.333333333333334,600.0,1.0,1,car,
23474719_17,254211546,254211549,127.53430500069695,8.333333333333334,600.0,1.0,1,car,
23474719_17_r,254211549,254211546,127.53430500069695,8.333333333333334,600.0,1.0,1,car,
23474719_18,254211549,254211551,66.3640371423393,8.333333333333334,600.0,1.0,1,car,
23474719_18_r,254211551,254211549,66.3640371423393,8.333333333333334,600.0,1.0,1,car,
23474719_19,254211551,254211553,136.6838081850719,8.333333333333334,600.0,1.0,1,car,
23474719_19_r,254211553,254211551,136.6838081850719,8.333333333333334,600.0,1.0,1,car,
23474719_1_r,254179783,254162617,157.34114333539875,8.333333333333334,600.0,1.0,1,car,
23474719_2,254179783,254179431,150.07937301646152,8.333333333333334,600.0,1.0,1,car,
23474719_20,254211553,254211554,17.39239471633692,8.333333333333334,600.0,1.0,1,car,
23474719_20_r,254211554,254211553,17.39239471633692,8.333333333333334,600.0,1.0,1,car,
23474719_21,254211554,254211555,25.681206031766525,8.333333333333334,600.0,1.0,1,car,
23474719_21_r,254211555,254211554,25.681206031766525,8.333333333333334,600.0,1.0,1,car,
23474719_22,254211555,254211556,70.65349585611023,8.333333333333334,600.0,1.0,1,car,
23474719_22_r,254211556,254211555,70.65349585611023,8.333333333333334,600.0,1.0,1,car,
23474719_23,254211556,254211557,81.30372633902321,8.333333333333334,600.0,1.0,1,car,
23474719_23_r,254211557,254211556,81.30372633902321,8.333333333333334,600.0,1.0,1,car,
23474719_24,254211557,254211559,115.10801717170563,8.333333333333334,600.0,1.0,1,car,
23474719_24_r,254211559,254211557,115.10801717170563,8.333333333333334,600.0,1.0,1,car,
23474719_25,254211559,254211567,300.4242578375977,8.333333333333334,600.0,1.0,1,car,
23474719_25_r,254211567,254211559,300.4242578375977,8.333333333333334,600.0,1.0,1,car,
23474719_2_r,254179431,254179783,150.07937301646152,8.333333333333334,600.0,1.0,1,car,
23474719_3,254179431,254211522,189.47035725620822,8.333333333333334,600.0,1.0,1,car,
23474719_3_r,254211522,254179431,189.47035725620822,8.333333333333334,600.0,1.0,1,car,
23474719_4,254211522,254211527,114.62689682605802,8.333333333333334,600.0,1.0,1,car,
23474719_4_r,254211527,254211522,114.62689682605802,8.333333333333334,600.0,1.0,1,car,
23474719_5,254211527,254211528,26.122359296367936,8.333333333333334,600.0,1.0,1,car,
23474719_5_r,254211528,254211527,26.122359296367936,8.333333333333334,600.0,1.0,1,car,
23474719_6,254211528,254211530,66.27591726243077,8.333333333333334,600.0,1.0,1,car,
23474719_6_r,254211530,254211528,66.27591726243077,8.333333333333334,600.0,1.0,1,car,
23474719_7,254211530,254211531,21.60444961492542,8.333333333333334,600.0,1.0,1,car,
23474719_7_r,254211531,254211530,21.60444961492542,8.333333333333334,600.0,1.0,1,car,
23474719_8,254211531,254211532,59.41014255203383,8.333333333333334,600.0,1.0,1,car,
23474719_8_r,254211532,254211531,59.41014255203383,8.333333333333334,600.0,1.0,1,car,
23474719_9,254211532,254211533,10.0505138980087,8.333333333333334,600.0,1.0,1,car,
23474719_9_r,254211533,254211532,10.0505138980087,8.333333333333334,600.0,1.0,1,car,
23474756_0,254211951,254211952,40.954410588114094,8.333333333333334,600.0,1.0,1,car,
23474756_0_r,254211952,254211951,40.954410588114094,8.333333333333334,600.0,1.0,1,car,
23474758_0,254211955,254211956,219.49186122140497,8.333333333333334,600.0,1.0,1,car,
23474758_0_r,254211956,254211955,219.49186122140497,8.333333333333334,600.0,1.0,1,car,
23474803_0,254212462,254212463,93.71606209624892,8.333333333333334,600.0,1.0,1,car,
23474803_0_r,254212463,254212462,93.71606209624892,8.333333333333334,600.0,1.0,1,car,
23474804_0,254212463,254212466,147.0100507897617,8.333333333333334,600.0,1.0,1,car,
23474804_0_r,254212466,254212463,147.0100507897617,8.333333333333334,600.0,1.0,1,car,
23474804_1,254212466,254212467,40.64921377573794,8.333333333333334,600.0,1.0,1,car,
23474804_1_r,254212467,254212466,40.64921377573794,8.333333333333334,600.0,1.0,1,car,
23474831_0,254212795,254212803,311.5921504028979,8.333333333333334,600.0,1.0,1,car,
23474831_0_r,254212803,254212795,311.5921504028979,8.333333333333334,600.0,1.0,1,car,
23474832_0,254212808,254212803,10.68566871668719,8.333333333333334,600.0,1.0,1,car,
23474832_0_r,254212803,254212808,10.68566871668719,8.333333333333334,600.0,1.0,1,car,
23474832_1,254212803,254212808,51.147124701131716,8.333333333333334,600.0,1.0,1,car,
23474832_1_r,254212808,254212803,51.147124701131716,8.333333333333334,600.0,1.0,1,car,
23475002_0,254214768,254214784,442.05365687552495,8.333333333333334,600.0,1.0,1,car,
23475002_0_r,254214784,254214768,442.05365687552495,8.333333333333334,600.0,1.0,1,car,
23475068_0,254214784,254215591,173.87751770030764,8.333333333333334,600.0,1.0,1,car,
23475068_0_r,254215591,254214784,173.87751770030764,8.333333333333334,600.0,1.0,1,car,
23475551_0,254221827,254221838,142.02288585546324,8.333333333333334,600.0,1.0,1,car,
23475551_0_r,254221838,254221827,142.02288585546324,8.333333333333334,600.0,1.0,1,car,
23475634_0,254136308,254223041,46.48132373883625,8.333333333333334,600.0,1.0,1,car,
23475634_0_r,254223041,254136308,46.48132373883625,8.333333333333334,600.0,1.0,1,car,
23475651_0,254223514,254223515,168.82404720432876,8.333333333333334,600.0,1.0,1,car,
23475651_0_r,254223515,254223514,168.82404720432876,8.333333333333334,600.0,1.0,1,car,
23475747_0,254224722,254224724,81.30097304816864,12.5,600.0,1.0,1,car,
23475747_0_r,254224724,254224722,81.30097304816864,12.5,600.0,1.0,1,car,
23475747_1,254224724,254224732,259.0533077961165,12.5,600.0,1.0,1,car,
23475747_1_r,254224732,254224724,259.0533077961165,12.5,600.0,1.0,1,car,
23475747_2,254224732,254224738,215.9411955247503,12.5,600.0,1.0,1,car,
23475747_2_r,254224738,254224732,215.9411955247503,12.5,600.0,1.0,1,car,
23475747_3,254224738,254890722,101.7719080343935,12.5,600.0,1.0,1,car,
23475747_3_r,254890722,254224738,101.7719080343935,12.5,600.0,1.0,1,car,
23475864_0,254225880,254225891,229.39641073158265,8.333333333333334,600.0,1.0,1,car,
23475864_0_r,254225891,254225880,229.39641073158265,8.333333333333334,600.0,1.0,1,car,
23475865_0,254225892,254225891,7.8504886129132405,8.333333333333334,600.0,1.0,1,car,
23475865_0_r,254225891,254225892,7.8504886129132405,8.333333333333334,600.0,1.0,1,car,
23475865_1,254225891,254225892,71.50917998032908,8.333333333333334,600.0,1.0,1,car,
23475865_1_r,254225892,254225891,71.50917998032908,8.333333333333334,600.0,1.0,1,car,
23475924_0,254211554,254226524,109.01004142803741,8.333333333333334,600.0,1.0,1,car,
23475924_0_r,254226524,254211554,109.01004142803741,8.333333333333334,600.0,1.0,1,car,
23475924_1,254226524,254226526,134.89202745624326,8.333333333333334,600.0,1.0,1,car,
23475924_1_r,254226526,254226524,134.89202745624326,8.333333333333334,600.0,1.0,1,car,
23475924_2,254226526,254226527,16.603959993273296,8.333333333333334,600.0,1.0,1,car,
23475924_2_r,254226527,254226526,16.603959993273296,8.333333333333334,600.0,1.0,1,car,
23475924_3,254226527,254202705,59.836779731546095,8.333333333333334,600.0,1.0,1,car,
23475924_3_r,254202705,254226527,59.836779731546095,8.333333333333334,600.0,1.0,1,car,
23475924_4,254202705,254226528,46.41314357867553,8.333333333333334,600.0,1.0,1,car,
23475924_4_r,254226528,254202705,46.41314357867553,8.333333333333334,600.0,1.0,1,car,
23475924_5,254226528,254226529,31.142374205812832,8.333333333333334,600.0,1.0,1,car,
23475924_5_r,254226529,254226528,31.142374205812832,8.333333333333334,600.0,1.0,1,car,
23475924_6,254226529,254226530,76.44822672873107,8.333333333333334,600.0,1.0,1,car,
23475924_6_r,254226530,254226529,76.44822672873107,8.333333333333334,600.0,1.0,1,car,
23475924_7,254226530,254226535,269.1502850712619,8.333333333333334,600.0,1.0,1,car,
23475924_7_r,254226535,254226530,269.1502850712619,8.333333333333334,600.0,1.0,1,car,
23476042_0,254228323,254228325,119.10480927766743,8.333333333333334,600.0,1.0,1,car,
23476042_0_r,254228325,254228323,119.10480927766743,8.333333333333334,600.0,1.0,1,car,
23476148_0,254211559,254229994,126.49120203625093,8.333333333333334,600.0,1.0,1,car,
23476148_0_r,254229994,254211559,126.49120203625093,8.333333333333334,600.0,1.0,1,car,
23476149_0,254229994,254230002,134.00519878429648,8.333333333333334,600.0,1.0,1,car,
23476149_0_r,254230002,254229994,134.00519878429648,8.333333333333334,600.0,1.0,1,car,
23476149_1,254230002,254230004,202.85913086267536,8.333333333333334,600.0,1.0,1,car,
23476149_1_r,254230004,254230002,202.85913086267536,8.333333333333334,600.0,1.0,1,car,
23476180_0,254230190,254230191,47.63923719922032,8.333333333333334,600.0,1.0,1,car,
23476180_0_r,254230191,254230190,47.63923719922032,8.333333333333334,600.0,1.0,1,car,
23476438_0,254233440,254233441,63.93048992383573,8.333333333333334,600.0,1.0,1,car,
23476438_0_r,254233441,254233440,63.93048992383573,8.333333333333334,600.0,1.0,1,car,
23476439_0,254233442,254233441,15.425346702097192,8.333333333333334,600.0,1.0,1,car,
23476439_0_r,254233441,254233442,15.425346702097192,8.333333333333334,600.0,1.0,1,car,
23476439_1,254233441,254233442,75.08444095898756,8.333333333333334,600.0,1.0,1,car,
23476439_1_r,254233442,254233441,75.08444095898756,8.333333333333334,600.0,1.0,1,car,
23476768_0,254237795,254237797,148.9509709840067,8.333333333333334,600.0,1.0,1,car,
23476768_0_r,254237797,254237795,148.9509709840067,8.333333333333334,600.0,1.0,1,car,
23476879_0,254238952,254238958,196.74844908462632,8.333333333333334,600.0,1.0,1,car,
23476879_0_r,254238958,254238952,196.74844908462632,8.333333333333334,600.0,1.0,1,car,
23477042_0,254240475,254240476,11.526979078131506,8.333333333333334,600.0,1.0,1,car,
23477042_0_r,254240476,254240475,11.526979078131506,8.333333333333334,600.0,1.0,1,car,
23477042_1,254240476,254240475,70.87084144083805,8.333333333333334,600.0,1.0,1,car,
23477042_1_r,254240475,254240476,70.87084144083805,8.333333333333334,600.0,1.0,1,car,
23477054_0,254240476,254240585,150.65940335284762,8.333333333333334,600.0,1.0,1,car,
23477054_0_r,254240585,254240476,150.65940335284762,8.333333333333334,600.0,1.0,1,car,
23477054_1,254240585,254240593,187.07875042445235,8.333333333333334,600.0,1.0,1,car,
23477054_1_r,254240593,254240585,187.07875042445235,8.333333333333334,600.0,1.0,1,car,
23477054_2,254240593,254240594,16.985060544925314,8.333333333333334,600.0,1.0,1,car,
23477054_2_r,254240594,254240593,16.985060544925314,8.333333333333334,600.0,1.0,1,car,
23477177_0,254226526,254241902,81.74076581533842,8.333333333333334,600.0,1.0,1,car,
23477177_0_r,254241902,254226526,81.74076581533842,8.333333333333334,600.0,1.0,1,car,
23477177_1,254241902,254136308,101.47960283273191,8.333333333333334,600.0,1.0,1,car,
23477177_1_r,254136308,254241902,101.47960283273191,8.333333333333334,600.0,1.0,1,car,
23477238_0,254242719,254242721,59.897600277750456,8.333333333333334,600.0,1.0,1,car,
23477238_0_r,254242721,254242719,59.897600277750456,8.333333333333334,600.0,1.0,1,car,
23477287_0,254243394,254243395,122.12995671022209,8.333333333333334,600.0,1.0,1,car,
23477287_0_r,254243395,254243394,122.12995671022209,8.333333333333334,600.0,1.0,1,car,
23477287_1,254243395,254243396,73.57467879336397,8.333333333333334,600.0,1.0,1,car,
23477287_1_r,254243396,254243395,73.57467879336397,8.333333333333334,600.0,1.0,1,car,
23477287_2,254243396,254243397,75.62854404609267,8.333333333333334,600.0,1.0,1,car,
23477287_2_r,254243397,254243396,75.62854404609267,8.333333333333334,600.0,1.0,1,car,
23477288_0,254243398,254243400,80.87496436418868,8.333333333333334,600.0,1.0,1,car,
23477288_0_r,254243400,254243398,80.87496436418868,8.333333333333334,600.0,1.0,1,car,
23477288_1,254243400,254226527,81.79996219308156,8.333333333333334,600.0,1.0,1,car,
23477288_1_r,254226527,254243400,81.79996219308156,8.333333333333334,600.0,1.0,1,car,
23477714_0,254251170,254251228,146.99730717975845,8.333333333333334,600.0,1.0,1,car,
23477714_0_r,254251228,254251170,146.99730717975845,8.333333333333334,600.0,1.0,1,car,
23477794_0,254200429,254251890,40.197640269887344,8.333333333333334,600.0,1.0,1,car,
23477794_0_r,254251890,254200429,40.197640269887344,8.333333333333334,600.0,1.0,1,car,
23477795_0,254251893,254251894,227.8057824421595,8.333333333333334,600.0,1.0,1,car,
23477795_0_r,254251894,254251893,227.8057824421595,8.333333333333334,600.0,1.0,1,car,
23477795_1,254251894,254200429,139.66325072258147,8.333333333333334,600.0,1.0,1,car,
23477795_1_r,254200429,254251894,139.66325072258147,8.333333333333334,600.0,1.0,1,car,
23477957_0,254253826,254253827,174.5102851843755,8.333333333333334,600.0,1.0,1,car,
23477957_0_r,254253827,254253826,174.5102851843755,8.333333333333334,600.0,1.0,1,car,
23477957_1,254253827,254191903,139.12850328212915,8.333333333333334,600.0,1.0,1,car,
23477957_1_r,254191903,254253827,139.12850328212915,8.333333333333334,600.0,1.0,1,car,
23503041_0,254538939,254538945,76.80686691173518,8.333333333333334,600.0,1.0,1,car,
23503041_0_r,254538945,254538939,76.80686691173518,8.333333333333334,600.0,1.0,1,car,
23503334_0,254547242,254144301,103.31294452393843,8.333333333333334,600.0,1.0,1,car,
23503334_0_r,254144301,254547242,103.31294452393843,8.333333333333334,600.0,1.0,1,car,
23504032_0,254211545,254560286,22.052761602323923,8.333333333333334,600.0,1.0,1,car,
23504032_0_r,254560286,254211545,22.052761602323923,8.333333333333334,600.0,1.0,1,car,
23504032_1,254560286,254560289,109.75374475070169,8.333333333333334,600.0,1.0,1,car,
23504032_1_r,254560289,254560286,109.75374475070169,8.333333333333334,600.0,1.0,1,car,
23504032_2,254560289,254209215,55.28773441555403,8.333333333333334,600.0,1.0,1,car,
23504032_2_r,254209215,254560289,55.28773441555403,8.333333333333334,600.0,1.0,1,car,
23504032_3,254209215,254243394,48.71811406149864,8.333333333333334,600.0,1.0,1,car,
23504032_3_r,254243394,254209215,48.71811406149864,8.333333333333334,600.0,1.0,1,car,
23504032_4,254243394,254560290,90.31944704585945,8.333333333333334,600.0,1.0,1,car,
23504032_4_r,254560290,254243394,90.31944704585945,8.333333333333334,600.0,1.0,1,car,
23504032_5,254560290,254560291,107.78524309495292,8.333333333333334,600.0,1.0,1,car,
23504032_5_r,254560291,254560290,107.78524309495292,8.333333333333334,600.0,1.0,1,car,
23504032_6,254560291,254560304,221.20292770165773,8.333333333333334,600.0,1.0,1,car,
23504032_6_r,254560304,254560291,221.20292770165773,8.333333333333334,600.0,1.0,1,car,
23504598_0,254564854,254564889,131.09540688395646,8.333333333333334,600.0,1.0,1,car,
23504598_0_r,254564889,254564854,131.09540688395646,8.333333333333334,600.0,1.0,1,car,
23505095_0,254569045,254569047,64.79591728416587,8.333333333333334,600.0,1.0,1,car,
23505095_0_r,254569047,254569045,64.79591728416587,8.333333333333334,600.0,1.0,1,car,
23505377_0,254570611,254223514,92.51575352386584,8.333333333333334,600.0,1.0,1,car,
23505377_0_r,254223514,254570611,92.51575352386584,8.333333333333334,600.0,1.0,1,car,
23505377_1,254223514,254121902,90.96990650765743,8.333333333333334,600.0,1.0,1,car,
23505377_1_r,254121902,254223514,90.96990650765743,8.333333333333334,600.0,1.0,1,car,
23505625_0,254573079,254573084,87.06451663614425,8.333333333333334,600.0,1.0,1,car,
23505625_0_r,254573084,254573079,87.06451663614425,8.333333333333334,600.0,1.0,1,car,
23505681_0,254573748,254573756,189.52921345230894,8.333333333333334,600.0,1.0,1,car,
23505681_0_r,254573756,254573748,189.52921345230894,8.333333333333334,600.0,1.0,1,car,
23505844_0,254574724,254574730,84.16613584732428,8.333333333333334,600.0,1.0,1,car,
23505844_0_r,254574730,254574724,84.16613584732428,8.333333333333334,600.0,1.0,1,car,
23505844_1,254574730,254574759,126.54959414914612,8.333333333333334,600.0,1.0,1,car,
23505844_1_r,254574759,254574730,126.54959414914612,8.333333333333334,600.0,1.0,1,car,
23505951_0,254575755,254575756,68.34094736741412,8.333333333333334,600.0,1.0,1,car,
23505951_0_r,254575756,254575755,68.34094736741412,8.333333333333334,600.0,1.0,1,car,
23508097_0,254230002,254592082,81.61694069018947,8.333333333333334,600.0,1.0,1,car,
23508097_0_r,254592082,254230002,81.61694069018947,8.333333333333334,600.0,1.0,1,car,
23508097_1,254592082,254592088,179.08903041929267,8.333333333333334,600.0,1.0,1,car,
23508097_1_r,254592088,254592082,179.08903041929267,8.333333333333334,600.0,1.0,1,car,
23508097_2,254592088,254592094,126.19926834407798,8.333333333333334,600.0,1.0,1,car,
23508097_2_r,254592094,254592088,126.19926834407798,8.333333333333334,600.0,1.0,1,car,
23508097_3,254592094,254592095,32.64216206542419,8.333333333333334,600.0,1.0,1,car,
23508097_3_r,254592095,254592094,32.64216206542419,8.333333333333334,600.0,1.0,1,car,
23509055_0,254598220,254129111,37.662591541754196,8.333333333333334,600.0,1.0,1,car,
23509055_0_r,254129111,254598220,37.662591541754196,8.333333333333334,600.0,1.0,1,car,
23509735_0,254602728,254223515,84.30418584493985,8.333333333333334,600.0,1.0,1,car,
23509735_0_r,254223515,254602728,84.30418584493985,8.333333333333334,600.0,1.0,1,car,
23509735_1,254223515,254602729,89.15277801120284,8.333333333333334,600.0,1.0,1,car,
23509735_1_r,254602729,254223515,89.15277801120284,8.333333333333334,600.0,1.0,1,car,
23509735_2,254602729,254251894,82.14626444655859,8.333333333333334,600.0,1.0,1,car,
23509735_2_r,254251894,254602729,82.14626444655859,8.333333333333334,600.0,1.0,1,car,
23509735_3,254251894,254602730,36.39096962867747,8.333333333333334,600.0,1.0,1,car,
23509735_3_r,254602730,254251894,36.39096962867747,8.333333333333334,600.0,1.0,1,car,
23510545_0,254612707,254612725,428.8408548343862,8.333333333333334,600.0,1.0,1,car,
23510545_0_r,254612725,254612707,428.8408548343862,8.333333333333334,600.0,1.0,1,car,
23510545_1,254612725,254612725,0.0,8.333333333333334,600.0,1.0,1,car,
23510545_1_r,254612725,254612725,0.0,8.333333333333334,600.0,1.0,1,car,
23510778_0,254615213,254615216,42.81195585825182,8.333333333333334,600.0,1.0,1,car,
23510778_0_r,254615216,254615213,42.81195585825182,8.333333333333334,600.0,1.0,1,car,
23511019_0,254616912,254616913,112.21017772454005,8.333333333333334,600.0,1.0,1,car,
23511019_0_r,254616913,254616912,112.21017772454005,8.333333333333334,600.0,1.0,1,car,
23511323_0,254211557,254620327,57.93587749634286,8.333333333333334,600.0,1.0,1,car,
23511323_0_r,254620327,254211557,57.93587749634286,8.333333333333334,600.0,1.0,1,car,
23511323_1,254620327,254620332,80.0685635429054,8.333333333333334,600.0,1.0,1,car,
23511323_1_r,254620332,254620327,80.0685635429054,8.333333333333334,600.0,1.0,1,car,
23511323_2,254620332,254136308,81.02803709390743,8.333333333333334,600.0,1.0,1,car,
23511323_2_r,254136308,254620332,81.02803709390743,8.333333333333334,600.0,1.0,1,car,
23511368_0,254620769,254253827,78.95699013153418,8.333333333333334,600.0,1.0,1,car,
23511368_0_r,254253827,254620769,78.95699013153418,8.333333333333334,600.0,1.0,1,car,
23511368_1,254253827,254620771,75.38284015914842,8.333333333333334,600.0,1.0,1,car,
23511368_1_r,254620771,254253827,75.38284015914842,8.333333333333334,600.0,1.0,1,car,
23511368_2,254620771,254620772,79.80751994481432,8.333333333333334,600.0,1.0,1,car,
23511368_2_r,254620772,254620771,79.80751994481432,8.333333333333334,600.0,1.0,1,car,
23511368_3,254620772,254620773,84.92421004279196,8.333333333333334,600.0,1.0,1,car,
23511368_3_r,254620773,254620772,84.92421004279196,8.333333333333334,600.0,1.0,1,car,
23511399_0,254621069,254621070,71.04276740808741,8.333333333333334,600.0,1.0,1,car,
23511399_0_r,254621070,254621069,71.04276740808741,8.333333333333334,600.0,1.0,1,car,
23511399_1,254621070,254621071,34.41773585240567,8.333333333333334,600.0,1.0,1,car,
23511399_1_r,254621071,254621070,34.41773585240567,8.333333333333334,600.0,1.0,1,car,
23511400_0,254621070,254212463,51.550676534749925,8.333333333333334,600.0,1.0,1,car,
23511400_0_r,254212463,254621070,51.550676534749925,8.333333333333334,600.0,1.0,1,car,
23512108_0,254628622,254628640,296.12641233507435,8.333333333333334,600.0,1.0,1,car,
23512108_0_r,254628640,254628622,296.12641233507435,8.333333333333334,600.0,1.0,1,car,
23512118_0,254211567,254628789,344.29160091955595,8.333333333333334,600.0,1.0,1,car,
23512118_0_r,254628789,254211567,344.29160091955595,8.333333333333334,600.0,1.0,1,car,
23512509_0,254211556,254633822,59.00658468914221,8.333333333333334,600.0,1.0,1,car,
23512509_0_r,254633822,254211556,59.00658468914221,8.333333333333334,600.0,1.0,1,car,
23512510_0,254633823,254633822,101.59478391905166,8.333333333333334,600.0,1.0,1,car,
23512510_0_r,254633822,254633823,101.59478391905166,8.333333333333334,600.0,1.0,1,car,
23512510_1,254633822,254633828,20.949393073654846,8.333333333333334,600.0,1.0,1,car,
23512510_1_r,254633828,254633822,20.949393073654846,8.333333333333334,600.0,1.0,1,car,
23512510_2,254633828,254620327,61.18563591303648,8.333333333333334,600.0,1.0,1,car,
23512510_2_r,254620327,254633828,61.18563591303648,8.333333333333334,600.0,1.0,1,car,
23512833_0,254211546,254636625,73.06292658138797,8.333333333333334,600.0,1.0,1,car,
23512833_0_r,254636625,254211546,73.06292658138797,8.333333333333334,600.0,1.0,1,car,
23512833_1,254636625,254636631,84.46680516505633,8.333333333333334,600.0,1.0,1,car,
23512833_1_r,254636631,254636625,84.46680516505633,8.333333333333334,600.0,1.0,1,car,
23512833_2,254636631,254636636,71.90266009359453,8.333333333333334,600.0,1.0,1,car,
23512833_2_r,254636636,254636631,71.90266009359453,8.333333333333334,600.0,1.0,1,car,
23512833_3,254636636,254636637,79.19597011060367,8.333333333333334,600.0,1.0,1,car,
23512833_3_r,254636637,254636636,79.19597011060367,8.333333333333334,600.0,1.0,1,car,
23513177_0,254238958,254640083,89.99508403662193,8.333333333333334,600.0,1.0,1,car,
23513177_0_r,254640083,254238958,89.99508403662193,8.333333333333334,600.0,1.0,1,car,
23513177_1,254640083,254640086,87.40872731803287,8.333333333333334,600.0,1.0,1,car,
23513177_1_r,254640086,254640083,87.40872731803287,8.333333333333334,600.0,1.0,1,car,
23513332_0,254641349,254641350,77.27185653412566,8.333333333333334,600.0,1.0,1,car,
23513332_0_r,254641350,254641349,77.27185653412566,8.333333333333334,600.0,1.0,1,car,
23513332_1,254641350,254226524,78.37561400949427,8.333333333333334,600.0,1.0,1,car,
23513332_1_r,254226524,254641350,78.37561400949427,8.333333333333334,600.0,1.0,1,car,
23513592_0,254602729,254200427,138.06619695278457,8.333333333333334,600.0,1.0,1,car,
23513592_0_r,254200427,254602729,138.06619695278457,8.333333333333334,600.0,1.0,1,car,
23513592_1,254200427,254121902,22.90492178120228,8.333333333333334,600.0,1.0,1,car,
23513592_1_r,254121902,254200427,22.90492178120228,8.333333333333334,600.0,1.0,1,car,
23513821_0,254636625,254646242,118.82199080892501,8.333333333333334,600.0,1.0,1,car,
23513821_0_r,254646242,254636625,118.82199080892501,8.333333333333334,600.0,1.0,1,car,
23513821_1,254646242,2292021638,31.91950572180167,8.333333333333334,600.0,1.0,1,car,
23513821_1_r,2292021638,254646242,31.91950572180167,8.333333333333334,600.0,1.0,1,car,
23513822_0,254646242,254211549,75.48238285299978,8.333333333333334,600.0,1.0,1,car,
23513822_0_r,254211549,254646242,75.48238285299978,8.333333333333334,600.0,1.0,1,car,
23514393_0,254210402,2292025706,79.1892329860806,8.333333333333334,600.0,1.0,1,car,
23514393_0_r,2292025706,254210402,79.1892329860806,8.333333333333334,600.0,1.0,1,car,
23514402_0,254651670,254651673,51.685054164060915,8.333333333333334,600.0,1.0,1,car,
23514402_0_r,254651673,254651670,51.685054164060915,8.333333333333334,600.0,1.0,1,car,
23514402_1,254651673,254651674,86.99867581081448,8.333333333333334,600.0,1.0,1,car,
23514402_1_r,254651674,254651673,86.99867581081448,8.333333333333334,600.0,1.0,1,car,
23514402_2,254651674,254148907,59.81105710294856,8.333333333333334,600.0,1.0,1,car,
23514402_2_r,254148907,254651674,59.81105710294856,8.333333333333334,600.0,1.0,1,car,
23514726_0,254633828,254655956,79.81151474541596,8.333333333333334,600.0,1.0,1,car,
23514726_0_r,254655956,254633828,79.81151474541596,8.333333333333334,600.0,1.0,1,car,
23514732_0,254633823,254655956,58.79174204001379,8.333333333333334,600.0,1.0,1,car,
23514732_0_r,254655956,254633823,58.79174204001379,8.333333333333334,600.0,1.0,1,car,
23514732_1,254655956,254620332,62.86236242650318,8.333333333333334,600.0,1.0,1,car,
23514732_1_r,254620332,254655956,62.86236242650318,8.333333333333334,600.0,1.0,1,car,
23515176_0,254660433,254660435,7.4308206129416705,8.333333333333334,600.0,1.0,1,car,
23515176_0_r,254660435,254660433,7.4308206129416705,8.333333333333334,600.0,1.0,1,car,
23515675_0,254185445,254665367,224.763364701935,8.333333333333334,600.0,1.0,1,car,
23515675_0_r,254665367,254185445,224.763364701935,8.333333333333334,600.0,1.0,1,car,
23515675_1,254665367,254224722,81.34110565169728,8.333333333333334,600.0,1.0,1,car,
23515675_1_r,254224722,254665367,81.34110565169728,8.333333333333334,600.0,1.0,1,car,
23515849_0,254666858,254666863,159.47682401150837,8.333333333333334,600.0,1.0,1,car,
23515849_0_r,254666863,254666858,159.47682401150837,8.333333333333334,600.0,1.0,1,car,
23515852_0,254226529,254129103,161.56775911551628,8.333333333333334,600.0,1.0,1,car,
23515852_0_r,254129103,254226529,161.56775911551628,8.333333333333334,600.0,1.0,1,car,
23515909_0,254667528,254667533,74.39668174975534,8.333333333333334,600.0,1.0,1,car,
23515909_0_r,254667533,254667528,74.39668174975534,8.333333333333334,600.0,1.0,1,car,
23515909_1,254667533,254204300,76.20058184792703,8.333333333333334,600.0,1.0,1,car,
23515909_1_r,254204300,254667533,76.20058184792703,8.333333333333334,600.0,1.0,1,car,
23515909_2,254204300,254667537,78.0372610334702,8.333333333333334,600.0,1.0,1,car,
23515909_2_r,254667537,254204300,78.0372610334702,8.333333333333334,600.0,1.0,1,car,
23515909_3,254667537,254667562,75.24381357196185,8.333333333333334,600.0,1.0,1,car,
23515909_3_r,254667562,254667537,75.24381357196185,8.333333333333334,600.0,1.0,1,car,
23515909_4,254667562,254667587,85.13545033687643,8.333333333333334,600.0,1.0,1,car,
23515909_4_r,254667587,254667562,85.13545033687643,8.333333333333334,600.0,1.0,1,car,
23516045_0,254211536,254668728,167.3461160453651,8.333333333333334,600.0,1.0,1,car,
23516045_0_r,254668728,254211536,167.3461160453651,8.333333333333334,600.0,1.0,1,car,
23516983_0,254676004,254676006,135.67457687383634,8.333333333333334,600.0,1.0,1,car,
23516983_0_r,254676006,254676004,135.67457687383634,8.333333333333334,600.0,1.0,1,car,
23517403_0,254684425,254684460,61.491382062371294,8.333333333333334,600.0,1.0,1,car,
23517403_0_r,254684460,254684425,61.491382062371294,8.333333333333334,600.0,1.0,1,car,
23517403_1,254684460,2280327171,19.047113173424403,8.333333333333334,600.0,1.0,1,car,
23517403_1_r,2280327171,254684460,19.047113173424403,8.333333333333334,600.0,1.0,1,car,
23517729_0,254692034,254692041,153.2673226172539,8.333333333333334,600.0,1.0,1,car,
23517729_0_r,254692041,254692034,153.2673226172539,8.333333333333334,600.0,1.0,1,car,
23517729_1,254692041,254620769,49.06160111260977,8.333333333333334,600.0,1.0,1,car,
23517729_1_r,254620769,254692041,49.06160111260977,8.333333333333334,600.0,1.0,1,car,
23517729_2,254620769,254692051,122.12246817406738,8.333333333333334,600.0,1.0,1,car,
23517729_2_r,254692051,254620769,122.12246817406738,8.333333333333334,600.0,1.0,1,car,
23517730_0,254692055,254692051,15.09612449463999,8.333333333333334,600.0,1.0,1,car,
23517730_0_r,254692051,254692055,15.09612449463999,8.333333333333334,600.0,1.0,1,car,
23517730_1,254692051,254692055,58.78877031494453,8.333333333333334,600.0,1.0,1,car,
23517730_1_r,254692055,254692051,58.78877031494453,8.333333333333334,600.0,1.0,1,car,
23518404_0,254706563,254706571,60.40354945237035,8.333333333333334,600.0,1.0,1,car,
23518404_0_r,254706571,254706563,60.40354945237035,8.333333333333334,600.0,1.0,1,car,
23518725_0,254665449,254721103,1017.7867927186119,12.5,600.0,1.0,1,car,
23518725_0_r,254721103,254665449,1017.7867927186119,12.5,600.0,1.0,1,car,
23518725_1,254721103,254224738,244.96665675496044,12.5,600.0,1.0,1,car,
23518725_1_r,254224738,254721103,244.96665675496044,12.5,600.0,1.0,1,car,
23518725_2,254224738,254651670,54.70648053901551,12.5,600.0,1.0,1,car,
23518725_2_r,254651670,254224738,54.70648053901551,12.5,600.0,1.0,1,car,
23518725_3,254651670,254635882,272.7254130249652,12.5,600.0,1.0,1,car,
23518725_3_r,254635882,254651670,272.7254130249652,12.5,600.0,1.0,1,car,
23518725_4,254635882,254721230,458.6190464593436,12.5,600.0,1.0,1,car,
23518725_4_r,254721230,254635882,458.6190464593436,12.5,600.0,1.0,1,car,
23518725_5,254721230,254721255,44.76231955271338,12.5,600.0,1.0,1,car,
23518725_5_r,254721255,254721230,44.76231955271338,12.5,600.0,1.0,1,car,
23523659_0,254194019,254735494,43.28146573738062,8.333333333333334,600.0,1.0,1,car,
23523659_0_r,254735494,254194019,43.28146573738062,8.333333333333334,600.0,1.0,1,car,
23523661_0,254735495,254735494,12.530156929011783,8.333333333333334,600.0,1.0,1,car,
23523661_0_r,254735494,254735495,12.530156929011783,8.333333333333334,600.0,1.0,1,car,
23523661_1,254735494,254735495,75.65452852950646,8.333333333333334,600.0,1.0,1,car,
23523661_1_r,254735495,254735494,75.65452852950646,8.333333333333334,600.0,1.0,1,car,
23523685_0,254735751,254735790,194.588366690522,8.333333333333334,600.0,1.0,1,car,
23523685_0_r,254735790,254735751,194.588366690522,8.333333333333334,600.0,1.0,1,car,
23523959_0,254738585,254738587,33.046875521871115,8.333333333333334,600.0,1.0,1,car,
23523959_0_r,254738587,254738585,33.046875521871115,8.333333333333334,600.0,1.0,1,car,
23524163_0,254741150,254242721,80.83461314460848,8.333333333333334,600.0,1.0,1,car,
23524163_0_r,254242721,254741150,80.83461314460848,8.333333333333334,600.0,1.0,1,car,
23524231_0,254742023,254742024,9.771595684293858,8.333333333333334,600.0,1.0,1,car,
23524231_0_r,254742024,254742023,9.771595684293858,8.333333333333334,600.0,1.0,1,car,
23524231_1,254742024,254742023,78.6379029907069,8.333333333333334,600.0,1.0,1,car,
23524231_1_r,254742023,254742024,78.6379029907069,8.333333333333334,600.0,1.0,1,car,
23524232_0,254602728,254742024,76.83383007362198,8.333333333333334,600.0,1.0,1,car,
23524232_0_r,254742024,254602728,76.83383007362198,8.333333333333334,600.0,1.0,1,car,
23524410_0,254211528,254251170,58.73916384932611,8.333333333333334,600.0,1.0,1,car,
23524410_0_r,254251170,254211528,58.73916384932611,8.333333333333334,600.0,1.0,1,car,
23524410_1,254251170,254744246,106.14125910299897,8.333333333333334,600.0,1.0,1,car,
23524410_1_r,254744246,254251170,106.14125910299897,8.333333333333334,600.0,1.0,1,car,
23524410_2,254744246,254744265,149.36772020005895,8.333333333333334,600.0,1.0,1,car,
23524410_2_r,254744265,254744246,149.36772020005895,8.333333333333334,600.0,1.0,1,car,
23524534_0,254744872,254744877,31.25847578488058,8.333333333333334,600.0,1.0,1,car,
23524534_0_r,254744877,254744872,31.25847578488058,8.333333333333334,600.0,1.0,1,car,
23524567_0,254745461,254640086,191.95241982946337,8.333333333333334,600.0,1.0,1,car,
23524567_0_r,254640086,254745461,191.95241982946337,8.333333333333334,600.0,1.0,1,car,
23524676_0,254746785,254746788,84.89222781588931,8.333333333333334,600.0,1.0,1,car,
23524676_0_r,254746788,254746785,84.89222781588931,8.333333333333334,600.0,1.0,1,car,
23524676_1,254746788,254251893,112.53868143868127,8.333333333333334,600.0,1.0,1,car,
23524676_1_r,254251893,254746788,112.53868143868127,8.333333333333334,600.0,1.0,1,car,
23524677_0,254746788,254746785,340.41973338591004,8.333333333333334,600.0,1.0,1,car,
23524677_0_r,254746785,254746788,340.41973338591004,8.333333333333334,600.0,1.0,1,car,
23524846_0,254749128,254667533,245.03506693405836,8.333333333333334,600.0,1.0,1,car,
23524846_0_r,254667533,254749128,245.03506693405836,8.333333333333334,600.0,1.0,1,car,
23524927_0,254749924,254211956,284.81919343671274,8.333333333333334,600.0,1.0,1,car,
23524927_0_r,254211956,254749924,284.81919343671274,8.333333333333334,600.0,1.0,1,car,
23524927_1,254211956,254211951,104.74475138486997,8.333333333333334,600.0,1.0,1,car,
23524927_1_r,254211951,254211956,104.74475138486997,8.333333333333334,600.0,1.0,1,car,
23525236_0,254752250,254211277,152.877818138193,8.333333333333334,600.0,1.0,1,car,
23525236_0_r,254211277,254752250,152.877818138193,8.333333333333334,600.0,1.0,1,car,
23525236_1,254211277,254752252,100.7752577454432,8.333333333333334,600.0,1.0,1,car,
23525236_1_r,254752252,254211277,100.7752577454432,8.333333333333334,600.0,1.0,1,car,
23525318_0,254560289,254636631,141.1391828769237,8.333333333333334,600.0,1.0,1,car,
23525318_0_r,254636631,254560289,141.1391828769237,8.333333333333334,600.0,1.0,1,car,
23525574_0,254574724,254755967,149.97316724021547,8.333333333333334,600.0,1.0,1,car,
23525574_0_r,254755967,254574724,149.97316724021547,8.333333333333334,600.0,1.0,1,car,
23525788_0,254660433,254660435,373.28438630145934,8.333333333333334,600.0,1.0,1,car,
23525788_0_r,254660435,254660433,373.28438630145934,8.333333333333334,600.0,1.0,1,car,
23525789_0,254211567,254660433,79.33943668680283,8.333333333333334,600.0,1.0,1,car,
23525789_0_r,254660433,254211567,79.33943668680283,8.333333333333334,600.0,1.0,1,car,
23526037_0,254240593,254692041,112.92210603118046,8.333333333333334,600.0,1.0,1,car,
23526037_0_r,254692041,254240593,112.92210603118046,8.333333333333334,600.0,1.0,1,car,
23526933_0,254770188,254592082,185.0548065481795,8.333333333333334,600.0,1.0,1,car,
23526933_0_r,254592082,254770188,185.0548065481795,8.333333333333334,600.0,1.0,1,car,
23527297_0,254243395,254774749,63.856255334882974,8.333333333333334,600.0,1.0,1,car,
23527297_0_r,254774749,254243395,63.856255334882974,8.333333333333334,600.0,1.0,1,car,
23527440_0,254776373,254667528,246.93482529928852,8.333333333333334,600.0,1.0,1,car,
23527440_0_r,254667528,254776373,246.93482529928852,8.333333333333334,600.0,1.0,1,car,
23527547_0,254211531,254684460,160.78984331816906,8.333333333333334,600.0,1.0,1,car,
23527547_0_r,254684460,254211531,160.78984331816906,8.333333333333334,600.0,1.0,1,car,
23527629_0,254777894,254667537,264.9579426395124,8.333333333333334,600.0,1.0,1,car,
23527629_0_r,254667537,254777894,264.9579426395124,8.333333333333334,600.0,1.0,1,car,
23527907_0,254229994,254781290,108.77694708603724,8.333333333333334,600.0,1.0,1,car,
23527907_0_r,254781290,254229994,108.77694708603724,8.333333333333334,600.0,1.0,1,car,
23528299_0,254636636,254243396,120.49217092448018,8.333333333333334,600.0,1.0,1,car,
23528299_0_r,254243396,254636636,120.49217092448018,8.333333333333334,600.0,1.0,1,car,
23528299_1,254243396,254785167,89.10997448942783,8.333333333333334,600.0,1.0,1,car,
23528299_1_r,254785167,254243396,89.10997448942783,8.333333333333334,600.0,1.0,1,car,
23528354_0,254665400,254786082,150.74195753818415,8.333333333333334,600.0,1.0,1,car,
23528354_0_r,254786082,254665400,150.74195753818415,8.333333333333334,600.0,1.0,1,car,
23528368_0,254786182,254786183,9.242952562373175,8.333333333333334,600.0,1.0,1,car,
23528368_0_r,254786183,254786182,9.242952562373175,8.333333333333334,600.0,1.0,1,car,
23528368_1,254786183,254786182,52.00243762690487,8.333333333333334,600.0,1.0,1,car,
23528368_1_r,254786182,254786183,52.00243762690487,8.333333333333334,600.0,1.0,1,car,
23528369_0,254786193,254786183,177.92945689218277,8.333333333333334,600.0,1.0,1,car,
23528369_0_r,254786183,254786193,177.92945689218277,8.333333333333334,600.0,1.0,1,car,
23528694_0,254790126,254640083,198.97179894426299,8.333333333333334,600.0,1.0,1,car,
23528694_0_r,254640083,254790126,198.97179894426299,8.333333333333334,600.0,1.0,1,car,
23528726_0,254791036,254201484,32.73516017602645,8.333333333333334,600.0,1.0,1,car,
23528726_0_r,254201484,254791036,32.73516017602645,8.333333333333334,600.0,1.0,1,car,
23528726_1,254201484,254721230,189.7991014569563,8.333333333333334,600.0,1.0,1,car,
23528726_1_r,254721230,254201484,189.7991014569563,8.333333333333334,600.0,1.0,1,car,
23529112_0,254795236,254194026,93.47030332832391,8.333333333333334,600.0,1.0,1,car,
23529112_0_r,254194026,254795236,93.47030332832391,8.333333333333334,600.0,1.0,1,car,
23529291_0,254635880,254201483,232.32517904967546,8.333333333333334,600.0,1.0,1,car,
23529291_0_r,254201483,254635880,232.32517904967546,8.333333333333334,600.0,1.0,1,car,
23529291_1,254201483,254791036,208.7183611870442,8.333333333333334,600.0,1.0,1,car,
23529291_1_r,254791036,254201483,208.7183611870442,8.333333333333334,600.0,1.0,1,car,
23529291_2,254791036,254209054,504.2537971263212,8.333333333333334,600.0,1.0,1,car,
23529291_2_r,254209054,254791036,504.2537971263212,8.333333333333334,600.0,1.0,1,car,
23529329_0,254241902,254798633,50.69289431365056,8.333333333333334,600.0,1.0,1,car,
23529329_0_r,254798633,254241902,50.69289431365056,8.333333333333334,600.0,1.0,1,car,
23529434_0,254133732,254592095,106.47294832047376,8.333333333333334,600.0,1.0,1,car,
23529434_0_r,254592095,254133732,106.47294832047376,8.333333333333334,600.0,1.0,1,car,
23529434_1,254592095,254799749,162.08171061182904,8.333333333333334,600.0,1.0,1,car,
23529434_1_r,254799749,254592095,162.08171061182904,8.333333333333334,600.0,1.0,1,car,
23529469_0,254800082,254800083,10.432746844062345,8.333333333333334,600.0,1.0,1,car,
23529469_0_r,254800083,254800082,10.432746844062345,8.333333333333334,600.0,1.0,1,car,
23529469_1,254800083,254800082,53.770474377538406,8.333333333333334,600.0,1.0,1,car,
23529469_1_r,254800082,254800083,53.770474377538406,8.333333333333334,600.0,1.0,1,car,
23529470_0,254612707,254800083,241.3501322430753,8.333333333333334,600.0,1.0,1,car,
23529470_0_r,254800083,254612707,241.3501322430753,8.333333333333334,600.0,1.0,1,car,
23529486_0,254185417,254575755,77.27376164684557,8.333333333333334,600.0,1.0,1,car,
23529486_0_r,254575755,254185417,77.27376164684557,8.333333333333334,600.0,1.0,1,car,
23529486_1,254575755,254800247,33.37305100242645,8.333333333333334,600.0,1.0,1,car,
23529486_1_r,254800247,254575755,33.37305100242645,8.333333333333334,600.0,1.0,1,car,
23529487_0,254800248,254800247,7.537475096913553,8.333333333333334,600.0,1.0,1,car,
23529487_0_r,254800247,254800248,7.537475096913553,8.333333333333334,600.0,1.0,1,car,
23529487_1,254800247,254800248,62.06550884004289,8.333333333333334,600.0,1.0,1,car,
23529487_1_r,254800248,254800247,62.06550884004289,8.333333333333334,600.0,1.0,1,car,
23529547_0,254185422,254194019,222.13227262547724,12.5,600.0,1.0,1,car,
23529547_0_r,254194019,254185422,222.13227262547724,12.5,600.0,1.0,1,car,
23529547_1,254194019,254795236,73.63568300237898,12.5,600.0,1.0,1,car,
23529547_10,254800845,254212466,78.09751883225358,12.5,600.0,1.0,1,car,
23529547_10_r,254212466,254800845,78.09751883225358,12.5,600.0,1.0,1,car,
23529547_11,254212466,254242719,111.6423086452782,12.5,600.0,1.0,1,car,
23529547_11_r,254242719,254212466,111.6423086452782,12.5,600.0,1.0,1,car,
23529547_12,254242719,254211551,66.53349677619109,12.5,600.0,1.0,1,car,
23529547_12_r,254211551,254242719,66.53349677619109,12.5,600.0,1.0,1,car,
23529547_13,254211551,254641349,103.79620264898242,12.5,600.0,1.0,1,car,
23529547_13_r,254641349,254211551,103.79620264898242,12.5,600.0,1.0,1,car,
23529547_14,254641349,254636637,46.91944221115572,12.5,600.0,1.0,1,car,
23529547_14_r,254636637,254641349,46.91944221115572,12.5,600.0,1.0,1,car,
23529547_15,254636637,254243398,105.71479019075176,12.5,600.0,1.0,1,car,
23529547_15_r,254243398,254636637,105.71479019075176,12.5,600.0,1.0,1,car,
23529547_16,254243398,254243397,17.57496459225298,12.5,600.0,1.0,1,car,
23529547_16_r,254243397,254243398,17.57496459225298,12.5,600.0,1.0,1,car,
23529547_17,254243397,254800854,86.48040928302876,12.5,600.0,1.0,1,car,
23529547_17_r,254800854,254243397,86.48040928302876,12.5,600.0,1.0,1,car,
23529547_18,254800854,254800855,106.23818318374609,12.5,600.0,1.0,1,car,
23529547_18_r,254800855,254800854,106.23818318374609,12.5,600.0,1.0,1,car,
23529547_1_r,254795236,254194019,73.63568300237898,12.5,600.0,1.0,1,car,
23529547_2,254795236,254126853,24.9780769393253,12.5,600.0,1.0,1,car,
23529547_2_r,254126853,254795236,24.9780769393253,12.5,600.0,1.0,1,car,
23529547_3,254126853,254800826,55.65858973162967,12.5,600.0,1.0,1,car,
23529547_3_r,254800826,254126853,55.65858973162967,12.5,600.0,1.0,1,car,
23529547_4,254800826,254194082,103.30760362627515,12.5,600.0,1.0,1,car,
23529547_4_r,254194082,254800826,103.30760362627515,12.5,600.0,1.0,1,car,
23529547_5,254194082,254251893,81.81407358572469,12.5,600.0,1.0,1,car,
23529547_5_r,254251893,254194082,81.81407358572469,12.5,600.0,1.0,1,car,
23529547_6,254251893,254214784,48.63253906038856,12.5,600.0,1.0,1,car,
23529547_6_r,254214784,254251893,48.63253906038856,12.5,600.0,1.0,1,car,
23529547_7,254214784,254800840,76.72891127630471,12.5,600.0,1.0,1,car,
23529547_7_r,254800840,254214784,76.72891127630471,12.5,600.0,1.0,1,car,
23529547_8,254800840,254800844,83.62971790379444,12.5,600.0,1.0,1,car,
23529547_8_r,254800844,254800840,83.62971790379444,12.5,600.0,1.0,1,car,
23529547_9,254800844,254800845,17.073623367016733,12.5,600.0,1.0,1,car,
23529547_9_r,254800845,254800844,17.073623367016733,12.5,600.0,1.0,1,car,
23529708_0,254211553,254741150,40.78917484730591,8.333333333333334,600.0,1.0,1,car,
23529708_0_r,254741150,254211553,40.78917484730591,8.333333333333334,600.0,1.0,1,car,
23529708_1,254741150,254802500,41.25204992157,8.333333333333334,600.0,1.0,1,car,
23529708_1_r,254802500,254741150,41.25204992157,8.333333333333334,600.0,1.0,1,car,
23529758_0,254179332,254802875,903.8011485313428,8.333333333333334,600.0,1.0,1,car,
23529758_0_r,254802875,254179332,903.8011485313428,8.333333333333334,600.0,1.0,1,car,
23529843_0,254803748,254803751,102.83565357211668,8.333333333333334,600.0,1.0,1,car,
23529843_0_r,254803751,254803748,102.83565357211668,8.333333333333334,600.0,1.0,1,car,
23529843_1,254803751,254803760,150.60165427581254,8.333333333333334,600.0,1.0,1,car,
23529843_1_r,254803760,254803751,150.60165427581254,8.333333333333334,600.0,1.0,1,car,
23529844_0,254803751,254803765,149.74831797460672,8.333333333333334,600.0,1.0,1,car,
23529844_0_r,254803765,254803751,149.74831797460672,8.333333333333334,600.0,1.0,1,car,
23529899_0,254804121,254804123,207.02560733350668,8.333333333333334,600.0,1.0,1,car,
23529899_0_r,254804123,254804121,207.02560733350668,8.333333333333334,600.0,1.0,1,car,
23530177_0,254807816,254620771,175.52219358595113,8.333333333333334,600.0,1.0,1,car,
23530177_0_r,254620771,254807816,175.52219358595113,8.333333333333334,600.0,1.0,1,car,
23530177_1,254620771,254191904,137.08710187202604,8.333333333333334,600.0,1.0,1,car,
23530177_1_r,254191904,254620771,137.08710187202604,8.333333333333334,600.0,1.0,1,car,
23530317_0,254809988,254233218,1238.2033366167627,8.333333333333334,600.0,1.0,1,car,
23530317_0_r,254233218,254809988,1238.2033366167627,8.333333333333334,600.0,1.0,1,car,
23530366_0,254810511,254209213,245.71786034903502,8.333333333333334,600.0,1.0,1,car,
23530366_0_r,254209213,254810511,245.71786034903502,8.333333333333334,600.0,1.0,1,car,
23530680_0,254815366,254211276,153.78068905883944,8.333333333333334,600.0,1.0,1,car,
23530680_0_r,254211276,254815366,153.78068905883944,8.333333333333334,600.0,1.0,1,car,
23530680_1,254211276,254815367,102.79251940798676,8.333333333333334,600.0,1.0,1,car,
23530680_1_r,254815367,254211276,102.79251940798676,8.333333333333334,600.0,1.0,1,car,
23530779_0,2292017744,254816354,104.24142511111917,8.333333333333334,600.0,1.0,1,car,
23530779_0_r,254816354,2292017744,104.24142511111917,8.333333333333334,600.0,1.0,1,car,
23530829_0,254211534,2280327167,109.22801647163244,8.333333333333334,600.0,1.0,1,car,
23530829_0_r,2280327167,254211534,109.22801647163244,8.333333333333334,600.0,1.0,1,car,
23531146_0,254820328,254620772,180.8074037871168,8.333333333333334,600.0,1.0,1,car,
23531146_0_r,254620772,254820328,180.8074037871168,8.333333333333334,600.0,1.0,1,car,
23531146_1,254620772,254191905,135.08996917677302,8.333333333333334,600.0,1.0,1,car,
23531146_1_r,254191905,254620772,135.08996917677302,8.333333333333334,600.0,1.0,1,car,
23531146_2,254191905,254191913,22.95149619290458,8.333333333333334,600.0,1.0,1,car,
23531146_2_r,254191913,254191905,22.95149619290458,8.333333333333334,600.0,1.0,1,car,
23531146_3,254191913,254820331,54.82279990866497,8.333333333333334,600.0,1.0,1,car,
23531146_3_r,254820331,254191913,54.82279990866497,8.333333333333334,600.0,1.0,1,car,
23531146_4,254820331,254820332,43.615724764599534,8.333333333333334,600.0,1.0,1,car,
23531146_4_r,254820332,254820331,43.615724764599534,8.333333333333334,600.0,1.0,1,car,
23531262_0,254211538,254823236,98.4716210112846,8.333333333333334,600.0,1.0,1,car,
23531262_0_r,254823236,254211538,98.4716210112846,8.333333333333334,600.0,1.0,1,car,
23531573_0,254789348,254828675,102.9676242390766,8.333333333333334,600.0,1.0,1,car,
23531573_0_r,254828675,254789348,102.9676242390766,8.333333333333334,600.0,1.0,1,car,
23531826_0,254215591,254831588,64.29446028995596,8.333333333333334,600.0,1.0,1,car,
23531826_0_r,254831588,254215591,64.29446028995596,8.333333333333334,600.0,1.0,1,car,
23531826_1,254831588,254831589,34.71040018057642,8.333333333333334,600.0,1.0,1,car,
23531826_1_r,254831589,254831588,34.71040018057642,8.333333333333334,600.0,1.0,1,car,
23531903_0,254211527,254832330,204.2286493824156,8.333333333333334,600.0,1.0,1,car,
23531903_0_r,254832330,254211527,204.2286493824156,8.333333333333334,600.0,1.0,1,car,
23531965_0,254191902,254820331,276.19502598880285,8.333333333333334,600.0,1.0,1,car,
23531965_0_r,254820331,254191902,276.19502598880285,8.333333333333334,600.0,1.0,1,car,
23532435_0,254211555,254120736,50.39330441810745,8.333333333333334,600.0,1.0,1,car,
23532435_0_r,254120736,254211555,50.39330441810745,8.333333333333334,600.0,1.0,1,car,
23532435_1,254120736,254835588,45.31825197741168,8.333333333333334,600.0,1.0,1,car,
23532435_1_r,254835588,254120736,45.31825197741168,8.333333333333334,600.0,1.0,1,car,
23532474_0,254800844,254835804,93.84162543783486,8.333333333333334,600.0,1.0,1,car,
23532474_0_r,254835804,254800844,93.84162543783486,8.333333333333334,600.0,1.0,1,car,
23532766_0,254254948,254809988,533.7834044921468,12.5,600.0,1.0,1,car,
23532766_0_r,254809988,254254948,533.7834044921468,12.5,600.0,1.0,1,car,
23532766_1,254809988,254211955,77.38822341632076,12.5,600.0,1.0,1,car,
23532766_10,254225880,254221827,84.12701696282839,12.5,600.0,1.0,1,car,
23532766_10_r,254221827,254225880,84.12701696282839,12.5,600.0,1.0,1,car,
23532766_11,254221827,254574724,118.33584224711151,12.5,600.0,1.0,1,car,
23532766_11_r,254574724,254221827,118.33584224711151,12.5,600.0,1.0,1,car,
23532766_12,254574724,254189580,80.1759541473329,12.5,600.0,1.0,1,car,
23532766_12_r,254189580,254574724,80.1759541473329,12.5,600.0,1.0,1,car,
23532766_13,254189580,254179456,63.01300853461306,12.5,600.0,1.0,1,car,
23532766_13_r,254179456,254189580,63.01300853461306,12.5,600.0,1.0,1,car,
23532766_14,254179456,254776373,33.48808412463719,12.5,600.0,1.0,1,car,
23532766_14_r,254776373,254179456,33.48808412463719,12.5,600.0,1.0,1,car,
23532766_15,254776373,254815366,59.16532420500645,12.5,600.0,1.0,1,car,
23532766_15_r,254815366,254776373,59.16532420500645,12.5,600.0,1.0,1,car,
23532766_16,254815366,254749128,19.45997003105924,12.5,600.0,1.0,1,car,
23532766_16_r,254749128,254815366,19.45997003105924,12.5,600.0,1.0,1,car,
23532766_17,254749128,254204298,74.65256550838996,12.5,600.0,1.0,1,car,
23532766_17_r,254204298,254749128,74.65256550838996,12.5,600.0,1.0,1,car,
23532766_18,254204298,254752250,13.924982580856513,12.5,600.0,1.0,1,car,
23532766_18_r,254752250,254204298,13.924982580856513,12.5,600.0,1.0,1,car,
23532766_19,254752250,254777894,63.717392270485306,12.5,600.0,1.0,1,car,
23532766_19_r,254777894,254752250,63.717392270485306,12.5,600.0,1.0,1,car,
23532766_1_r,254211955,254809988,77.38822341632076,12.5,600.0,1.0,1,car,
23532766_2,254211955,254152835,34.313532879184116,12.5,600.0,1.0,1,car,
23532766_20,254777894,254188338,42.08489029644044,12.5,600.0,1.0,1,car,
23532766_20_r,254188338,254777894,42.08489029644044,12.5,600.0,1.0,1,car,
23532766_21,254188338,254838644,34.90620699506296,12.5,600.0,1.0,1,car,
23532766_21_r,254838644,254188338,34.90620699506296,12.5,600.0,1.0,1,car,
23532766_22,254838644,254792227,64.9035129193256,12.5,600.0,1.0,1,car,
23532766_22_r,254792227,254838644,64.9035129193256,12.5,600.0,1.0,1,car,
23532766_23,254792227,254210399,39.227493647107515,12.5,600.0,1.0,1,car,
23532766_23_r,254210399,254792227,39.227493647107515,12.5,600.0,1.0,1,car,
23532766_24,254210399,254838645,68.28350708424682,12.5,600.0,1.0,1,car,
23532766_24_r,254838645,254210399,68.28350708424682,12.5,600.0,1.0,1,car,
23532766_25,254838645,254838653,25.529419645282566,12.5,600.0,1.0,1,car,
23532766_25_r,254838653,254838645,25.529419645282566,12.5,600.0,1.0,1,car,
23532766_2_r,254152835,254211955,34.313532879184116,12.5,600.0,1.0,1,car,
23532766_3,254152835,254838640,39.04375084788806,12.5,600.0,1.0,1,car,
23532766_3_r,254838640,254152835,39.04375084788806,12.5,600.0,1.0,1,car,
23532766_4,254838640,254238952,92.46310381047742,12.5,600.0,1.0,1,car,
23532766_4_r,254238952,254838640,92.46310381047742,12.5,600.0,1.0,1,car,
23532766_5,254238952,254735751,24.520559287773317,12.5,600.0,1.0,1,car,
23532766_5_r,254735751,254238952,24.520559287773317,12.5,600.0,1.0,1,car,
23532766_6,254735751,254790126,65.09822183954168,12.5,600.0,1.0,1,car,
23532766_6_r,254790126,254735751,65.09822183954168,12.5,600.0,1.0,1,car,
23532766_7,254790126,254745461,92.4001394344307,12.5,600.0,1.0,1,car,
23532766_7_r,254745461,254790126,92.4001394344307,12.5,600.0,1.0,1,car,
23532766_8,254745461,254212795,97.77206690550652,12.5,600.0,1.0,1,car,
23532766_8_r,254212795,254745461,97.77206690550652,12.5,600.0,1.0,1,car,
23532766_9,254212795,254225880,15.58319194961493,12.5,600.0,1.0,1,car,
23532766_9_r,254225880,254212795,15.58319194961493,12.5,600.0,1.0,1,car,
23532846_0,254838644,254667562,260.1277958851841,8.333333333333334,600.0,1.0,1,car,
23532846_0_r,254667562,254838644,260.1277958851841,8.333333333333334,600.0,1.0,1,car,
23532871_0,254839312,254211559,79.9027305233895,8.333333333333334,600.0,1.0,1,car,
23532871_0_r,254211559,254839312,79.9027305233895,8.333333333333334,600.0,1.0,1,car,
23533052_0,254838675,254592088,136.7686199757632,8.333333333333334,600.0,1.0,1,car,
23533052_0_r,254592088,254838675,136.7686199757632,8.333333333333334,600.0,1.0,1,car,
23533052_1,254592088,254840560,153.47179093901508,8.333333333333334,600.0,1.0,1,car,
23533052_1_r,254840560,254592088,153.47179093901508,8.333333333333334,600.0,1.0,1,car,
23533488_0,254224732,254721103,221.85087805390373,8.333333333333334,600.0,1.0,1,car,
23533488_0_r,254721103,254224732,221.85087805390373,8.333333333333334,600.0,1.0,1,car,
23533656_0,254211533,254684425,129.7315552329645,8.333333333333334,600.0,1.0,1,car,
23533656_0_r,254684425,254211533,129.7315552329645,8.333333333333334,600.0,1.0,1,car,
23533656_1,254684425,2280327181,28.63936075072557,8.333333333333334,600.0,1.0,1,car,
23533656_1_r,2280327181,254684425,28.63936075072557,8.333333333333334,600.0,1.0,1,car,
23533795_0,254744246,254237797,89.13523934107037,8.333333333333334,600.0,1.0,1,car,
23533795_0_r,254237797,254744246,89.13523934107037,8.333333333333334,600.0,1.0,1,car,
23533795_1,254237797,254564889,114.55248376964752,8.333333333333334,600.0,1.0,1,car,
23533795_1_r,254564889,254237797,114.55248376964752,8.333333333333334,600.0,1.0,1,car,
23533795_2,254564889,254179443,115.20630815168329,8.333333333333334,600.0,1.0,1,car,
23533795_2_r,254179443,254564889,115.20630815168329,8.333333333333334,600.0,1.0,1,car,
23534129_0,254838640,254847916,173.5920086336166,8.333333333333334,600.0,1.0,1,car,
23534129_0_r,254847916,254838640,173.5920086336166,8.333333333333334,600.0,1.0,1,car,
23534213_0,254210401,254210400,217.16709766527865,8.333333333333334,600.0,1.0,1,car,
23534213_0_r,254210400,254210401,217.16709766527865,8.333333333333334,600.0,1.0,1,car,
23534298_0,254849325,254838645,207.053849485047,8.333333333333334,600.0,1.0,1,car,
23534298_0_r,254838645,254849325,207.053849485047,8.333333333333334,600.0,1.0,1,car,
23534698_0,254641350,254243400,152.93751924266695,8.333333333333334,600.0,1.0,1,car,
23534698_0_r,254243400,254641350,152.93751924266695,8.333333333333334,600.0,1.0,1,car,
23534740_0,254800826,254194028,95.67507461445187,8.333333333333334,600.0,1.0,1,car,
23534740_0_r,254194028,254800826,95.67507461445187,8.333333333333334,600.0,1.0,1,car,
23535126_0,254855352,2292017726,49.98635429272647,8.333333333333334,600.0,1.0,1,car,
23535126_0_r,2292017726,254855352,49.98635429272647,8.333333333333334,600.0,1.0,1,car,
23535476_0,254211532,254182431,68.4337501520346,8.333333333333334,600.0,1.0,1,car,
23535476_0_r,254182431,254211532,68.4337501520346,8.333333333333334,600.0,1.0,1,car,
23535476_1,254182431,254858083,61.34849439388664,8.333333333333334,600.0,1.0,1,car,
23535476_1_r,254858083,254182431,61.34849439388664,8.333333333333334,600.0,1.0,1,car,
23535705_0,254838681,254628789,253.14465545144344,8.333333333333334,600.0,1.0,1,car,
23535705_0_r,254628789,254838681,253.14465545144344,8.333333333333334,600.0,1.0,1,car,
23535784_0,254651673,254860330,182.18653098479524,8.333333333333334,600.0,1.0,1,car,
23535784_0_r,254860330,254651673,182.18653098479524,8.333333333333334,600.0,1.0,1,car,
23535791_0,254651674,254204253,243.73445410100862,8.333333333333334,600.0,1.0,1,car,
23535791_0_r,254204253,254651674,243.73445410100862,8.333333333333334,600.0,1.0,1,car,
23535913_0,254147899,254620773,184.33112028104745,8.333333333333334,600.0,1.0,1,car,
23535913_0_r,254620773,254147899,184.33112028104745,8.333333333333334,600.0,1.0,1,car,
23535913_1,254620773,254861671,130.5381056076495,8.333333333333334,600.0,1.0,1,car,
23535913_1_r,254861671,254620773,130.5381056076495,8.333333333333334,600.0,1.0,1,car,
23535913_2,254861671,254861670,41.32185889997808,8.333333333333334,600.0,1.0,1,car,
23535913_2_r,254861670,254861671,41.32185889997808,8.333333333333334,600.0,1.0,1,car,
23535913_3,254861670,254861671,41.32185889997808,8.333333333333334,600.0,1.0,1,car,
23535913_3_r,254861671,254861670,41.32185889997808,8.333333333333334,600.0,1.0,1,car,
23536092_0,254560290,254785167,182.7675447561781,8.333333333333334,600.0,1.0,1,car,
23536092_0_r,254785167,254560290,182.7675447561781,8.333333333333334,600.0,1.0,1,car,
23536092_1,254785167,254800854,75.36769066520853,8.333333333333334,600.0,1.0,1,car,
23536092_1_r,254800854,254785167,75.36769066520853,8.333333333333334,600.0,1.0,1,car,
23536092_2,254800854,254226528,166.47521621991513,8.333333333333334,600.0,1.0,1,car,
23536092_2_r,254226528,254800854,166.47521621991513,8.333333333333334,600.0,1.0,1,car,
23536633_0,254800840,254831588,166.9681852064724,8.333333333333334,600.0,1.0,1,car,
23536633_0_r,254831588,254800840,166.9681852064724,8.333333333333334,600.0,1.0,1,car,
23536998_0,254838680,254592094,111.33138386887859,8.333333333333334,600.0,1.0,1,car,
23536998_0_r,254592094,254838680,111.33138386887859,8.333333333333334,600.0,1.0,1,car,
23537129_0,254211567,254840560,96.40109151928456,8.333333333333334,600.0,1.0,1,car,
23537129_0_r,254840560,254211567,96.40109151928456,8.333333333333334,600.0,1.0,1,car,
23537129_1,254840560,254799749,101.54644502082999,8.333333333333334,600.0,1.0,1,car,
23537129_1_r,254799749,254840560,101.54644502082999,8.333333333333334,600.0,1.0,1,car,
23537129_2,254799749,254628789,80.9019961796223,8.333333333333334,600.0,1.0,1,car,
23537129_2_r,254628789,254799749,80.9019961796223,8.333333333333334,600.0,1.0,1,car,
23537129_3,254628789,254676004,241.31953399088536,8.333333333333334,600.0,1.0,1,car,
23537129_3_r,254676004,254628789,241.31953399088536,8.333333333333334,600.0,1.0,1,car,
23537129_4,254676004,254872215,359.7684336045224,8.333333333333334,600.0,1.0,1,car,
23537129_4_r,254872215,254676004,359.7684336045224,8.333333333333334,600.0,1.0,1,car,
23537129_5,254872215,254872235,869.8654499294178,8.333333333333334,600.0,1.0,1,car,
23537129_5_r,254872235,254872215,869.8654499294178,8.333333333333334,600.0,1.0,1,car,
23537130_0,254872236,254872235,19.68099274713439,8.333333333333334,600.0,1.0,1,car,
23537130_0_r,254872235,254872236,19.68099274713439,8.333333333333334,600.0,1.0,1,car,
23537130_1,254872235,254872236,256.6307398355737,8.333333333333334,600.0,1.0,1,car,
23537130_1_r,254872236,254872235,256.6307398355737,8.333333333333334,600.0,1.0,1,car,
23537360_0,254153882,254874068,259.9936898451285,8.333333333333334,600.0,1.0,1,car,
23537360_0_r,254874068,254153882,259.9936898451285,8.333333333333334,600.0,1.0,1,car,
23537360_1,254874068,254874073,32.688259617961094,8.333333333333334,600.0,1.0,1,car,
23537360_1_r,254874073,254874068,32.688259617961094,8.333333333333334,600.0,1.0,1,car,
23537360_2,254874073,254804123,74.85367356410725,8.333333333333334,600.0,1.0,1,car,
23537360_2_r,254804123,254874073,74.85367356410725,8.333333333333334,600.0,1.0,1,car,
23537360_3,254804123,254560304,95.79908192089844,8.333333333333334,600.0,1.0,1,car,
23537360_3_r,254560304,254804123,95.79908192089844,8.333333333333334,600.0,1.0,1,car,
23537361_0,254874068,254874099,100.69530038039638,13.88888888888889,1500.0,1.0,1,car,
23537364_0,254874099,254838653,121.0370111404012,22.22222222222222,4000.0,2.0,1,car,
23537364_0_r,254838653,254874099,121.0370111404012,22.22222222222222,4000.0,2.0,1,car,
23537396_0,254789347,254874636,68.09067491918773,8.333333333333334,600.0,1.0,1,car,
23537396_0_r,254874636,254789347,68.09067491918773,8.333333333333334,600.0,1.0,1,car,
23537561_0,254876335,254858083,102.13066464336717,8.333333333333334,600.0,1.0,1,car,
23537561_0_r,254858083,254876335,102.13066464336717,8.333333333333334,600.0,1.0,1,car,
23537700_0,254574730,254877599,194.1699096391508,8.333333333333334,600.0,1.0,1,car,
23537700_0_r,254877599,254574730,194.1699096391508,8.333333333333334,600.0,1.0,1,car,
23537828_0,254211530,254182430,75.17564372142864,8.333333333333334,600.0,1.0,1,car,
23537828_0_r,254182430,254211530,75.17564372142864,8.333333333333334,600.0,1.0,1,car,
23537828_1,254182430,254615213,21.586681591708533,8.333333333333334,600.0,1.0,1,car,
23537828_1_r,254615213,254182430,21.586681591708533,8.333333333333334,600.0,1.0,1,car,
23537828_2,254615213,254876335,43.04294576841893,8.333333333333334,600.0,1.0,1,car,
23537828_2_r,254876335,254615213,43.04294576841893,8.333333333333334,600.0,1.0,1,car,
23537828_3,254876335,254855352,22.390895345804196,8.333333333333334,600.0,1.0,1,car,
23537828_3_r,254855352,254876335,22.390895345804196,8.333333333333334,600.0,1.0,1,car,
23537851_0,254800845,254212462,91.89169954698448,8.333333333333334,600.0,1.0,1,car,
23537851_0_r,254212462,254800845,91.89169954698448,8.333333333333334,600.0,1.0,1,car,
23537851_1,254212462,254230190,13.893945201015098,8.333333333333334,600.0,1.0,1,car,
23537851_1_r,254230190,254212462,13.893945201015098,8.333333333333334,600.0,1.0,1,car,
23537851_2,254230190,254621069,48.565174416235855,8.333333333333334,600.0,1.0,1,car,
23537851_2_r,254621069,254230190,48.565174416235855,8.333333333333334,600.0,1.0,1,car,
23537851_3,254621069,254602728,101.62081511380183,8.333333333333334,600.0,1.0,1,car,
23537851_3_r,254602728,254621069,101.62081511380183,8.333333333333334,600.0,1.0,1,car,
23537851_4,254602728,254148101,80.36235999101427,8.333333333333334,600.0,1.0,1,car,
23537851_4_r,254148101,254602728,80.36235999101427,8.333333333333334,600.0,1.0,1,car,
23537851_5,254148101,254573079,33.47212219292739,8.333333333333334,600.0,1.0,1,car,
23537851_5_r,254573079,254148101,33.47212219292739,8.333333333333334,600.0,1.0,1,car,
23537851_6,254573079,254570611,60.6461175982534,8.333333333333334,600.0,1.0,1,car,
23537851_6_r,254570611,254573079,60.6461175982534,8.333333333333334,600.0,1.0,1,car,
23537851_7,254570611,254879399,38.79837746032262,8.333333333333334,600.0,1.0,1,car,
23537851_7_r,254879399,254570611,38.79837746032262,8.333333333333334,600.0,1.0,1,car,
23538064_0,254185443,254138007,108.88869247728844,8.333333333333334,600.0,1.0,1,car,
23538064_0_r,254138007,254185443,108.88869247728844,8.333333333333334,600.0,1.0,1,car,
23538064_1,254138007,254885138,62.904176438937675,8.333333333333334,600.0,1.0,1,car,
23538064_1_r,254885138,254138007,62.904176438937675,8.333333333333334,600.0,1.0,1,car,
23538223_0,254886350,254211522,225.84433834297968,8.333333333333334,600.0,1.0,1,car,
23538223_0_r,254211522,254886350,225.84433834297968,8.333333333333334,600.0,1.0,1,car,
23538458_0,254612707,254538939,121.60792599484503,8.333333333333334,600.0,1.0,1,car,
23538458_0_r,254538939,254612707,121.60792599484503,8.333333333333334,600.0,1.0,1,car,
23538458_1,254538939,254872215,131.5404918171153,8.333333333333334,600.0,1.0,1,car,
23538458_1_r,254872215,254538939,131.5404918171153,8.333333333333334,600.0,1.0,1,car,
23539006_0,254185427,254240585,77.33882851352874,8.333333333333334,600.0,1.0,1,car,
23539006_0_r,254240585,254185427,77.33882851352874,8.333333333333334,600.0,1.0,1,car,
23539006_1,254240585,254547242,75.48541101488996,8.333333333333334,600.0,1.0,1,car,
23539006_1_r,254547242,254240585,75.48541101488996,8.333333333333334,600.0,1.0,1,car,
23539006_2,254547242,254692034,52.783358699472146,8.333333333333334,600.0,1.0,1,car,
23539006_2_r,254692034,254547242,52.783358699472146,8.333333333333334,600.0,1.0,1,car,
23539006_3,254692034,254253826,62.25759413751915,8.333333333333334,600.0,1.0,1,car,
23539006_3_r,254253826,254692034,62.25759413751915,8.333333333333334,600.0,1.0,1,car,
23539006_4,254253826,254807816,76.06517427324998,8.333333333333334,600.0,1.0,1,car,
23539006_4_r,254807816,254253826,76.06517427324998,8.333333333333334,600.0,1.0,1,car,
23539006_5,254807816,254820328,93.64400802169988,8.333333333333334,600.0,1.0,1,car,
23539006_5_r,254820328,254807816,93.64400802169988,8.333333333333334,600.0,1.0,1,car,
23539006_6,254820328,254861670,75.73583348132577,8.333333333333334,600.0,1.0,1,car,
23539006_6_r,254861670,254820328,75.73583348132577,8.333333333333334,600.0,1.0,1,car,
295023338_0,254838653,254628622,58.44249385683036,12.5,600.0,1.0,1,car,
295023338_0_r,254628622,254838653,58.44249385683036,12.5,600.0,1.0,1,car,
295023338_1,254628622,254209204,56.963500832473095,12.5,600.0,1.0,1,car,
295023338_1_r,254209204,254628622,56.963500832473095,12.5,600.0,1.0,1,car,
295023338_2,254209204,254804121,22.882743889617387,12.5,600.0,1.0,1,car,
295023338_2_r,254804121,254209204,22.882743889617387,12.5,600.0,1.0,1,car,
295023338_3,254804121,254810511,48.942714504281064,12.5,600.0,1.0,1,car,
295023338_3_r,254810511,254804121,48.942714504281064,12.5,600.0,1.0,1,car,
295023338_4,254810511,254560291,67.86572263961538,12.5,600.0,1.0,1,car,
295023338_4_r,254560291,254810511,67.86572263961538,12.5,600.0,1.0,1,car,
295023338_5,254560291,254800855,247.91443157681186,12.5,600.0,1.0,1,car,
295023338_5_r,254800855,254560291,247.91443157681186,12.5,600.0,1.0,1,car,
295023413_0,254635878,254665400,308.3532746515967,12.5,600.0,1.0,1,car,
295023413_0_r,254665400,254635878,308.3532746515967,12.5,600.0,1.0,1,car,
295023413_1,254665400,254185431,183.33265296845917,12.5,600.0,1.0,1,car,
295023413_1_r,254185431,254665400,183.33265296845917,12.5,600.0,1.0,1,car,
295023414_0,254148911,254665378,24.501609988085363,12.5,600.0,1.0,1,car,
295023414_0_r,254665378,254148911,24.501609988085363,12.5,600.0,1.0,1,car,
295023428_0,254635880,254635882,129.60027928021324,12.5,600.0,1.0,1,car,
295023428_0_r,254635882,254635880,129.60027928021324,12.5,600.0,1.0,1,car,
295023431_0,2292011560,254137446,7.5008329587558995,12.5,600.0,1.0,1,car,
295023431_0_r,254137446,2292011560,7.5008329587558995,12.5,600.0,1.0,1,car,
295023431_1,254137446,254635880,162.70394379336017,12.5,600.0,1.0,1,car,
295023431_1_r,254635880,254137446,162.70394379336017,12.5,600.0,1.0,1,car,
295023436_0,254838653,2292029039,236.93798417027665,22.22222222222222,4000.0,2.0,1,car,
295023436_0_r,2292029039,254838653,236.93798417027665,22.22222222222222,4000.0,2.0,1,car,
295023436_1,2292029039,254628640,15.856046033317645,22.22222222222222,4000.0,2.0,1,car,
295023436_1_r,254628640,2292029039,15.856046033317645,22.22222222222222,4000.0,2.0,1,car,
295023436_2,254628640,254211535,282.85056889446616,22.22222222222222,4000.0,2.0,1,car,
295023436_2_r,254211535,254628640,282.85056889446616,22.22222222222222,4000.0,2.0,1,car,
295023436_3,254211535,254816354,133.02613264321158,22.22222222222222,4000.0,2.0,1,car,
295023436_3_r,254816354,254211535,133.02613264321158,22.22222222222222,4000.0,2.0,1,car,
295023436_4,254816354,254874120,104.16217190725106,22.22222222222222,4000.0,2.0,1,car,
295023436_4_r,254874120,254816354,104.16217190725106,22.22222222222222,4000.0,2.0,1,car,
295023448_0,254169282,254874130,228.65708523588484,22.22222222222222,4000.0,2.0,1,car,
42699466_0,254874130,254170841,241.75309118896143,22.22222222222222,4000.0,2.0,1,car,
42699467_0,533962423,254185443,85.0824960827492,22.22222222222222,1500.0,1.0,1,car,
42699467_0_r,254185443,533962423,85.0824960827492,22.22222222222222,1500.0,1.0,1,car,
42699467_1,254185443,254185445,261.8048521159372,22.22222222222222,1500.0,1.0,1,car,
42699467_1_r,254185445,254185443,261.8048521159372,22.22222222222222,1500.0,1.0,1,car,
42699467_2,254185445,254179774,279.2962601389231,22.22222222222222,1500.0,1.0,1,car,
42699467_2_r,254179774,254185445,279.2962601389231,22.22222222222222,1500.0,1.0,1,car,
42699467_3,254179774,254179797,53.430214111134646,22.22222222222222,1500.0,1.0,1,car,
42699467_3_r,254179797,254179774,53.430214111134646,22.22222222222222,1500.0,1.0,1,car,
42699467_4,254179797,254185478,666.975246417713,22.22222222222222,1500.0,1.0,1,car,
42699467_4_r,254185478,254179797,666.975246417713,22.22222222222222,1500.0,1.0,1,car,
42699468_0,533962580,533962423,36.835355088677076,22.22222222222222,1500.0,1.0,1,car,
42699468_0_r,533962423,533962580,36.835355088677076,22.22222222222222,1500.0,1.0,1,car,
42699469_0,254665380,254635878,27.803398049979275,12.5,600.0,1.0,1,car,
42699469_0_r,254635878,254665380,27.803398049979275,12.5,600.0,1.0,1,car,
42699471_0,254665378,254665380,44.521313380846244,12.5,600.0,1.0,1,car,
42699471_0_r,254665380,254665378,44.521313380846244,12.5,600.0,1.0,1,car,
42699472_0,254665367,254224724,68.00035979585805,8.333333333333334,600.0,1.0,1,car,
42699472_0_r,254224724,254665367,68.00035979585805,8.333333333333334,600.0,1.0,1,car,